|   TireAge |   PreviousLap |   Driver_ALB |   Driver_ALO |   Driver_BOT |   Driver_DEV |   Driver_GAS |   Driver_HAM |   Driver_HUL |   Driver_LAT |   Driver_LEC |   Driver_MAG |   Driver_MSC |   Driver_NOR |   Driver_OCO |   Driver_PER |   Driver_PIA |   Driver_RIC |   Driver_RUS |   Driver_SAI |   Driver_SAR |   Driver_STR |   Driver_TSU |   Driver_VER |   Driver_ZHO |   Weather_Dry |
|----------:|--------------:|-------------:|-------------:|-------------:|-------------:|-------------:|-------------:|-------------:|-------------:|-------------:|-------------:|-------------:|-------------:|-------------:|-------------:|-------------:|-------------:|-------------:|-------------:|-------------:|-------------:|-------------:|-------------:|-------------:|--------------:|
|  1.83225  |    -0.444257  |            0 |            0 |            0 |            0 |            0 |            0 |            0 |            0 |            1 |            0 |            0 |            0 |            0 |            0 |            0 |            0 |            0 |            0 |            0 |            0 |            0 |            0 |            0 |             1 |
| -0.545777 |    -0.583398  |            0 |            0 |            0 |            0 |            0 |            0 |            0 |            0 |            1 |            0 |            0 |            0 |            0 |            0 |            0 |            0 |            0 |            0 |            0 |            0 |            0 |            0 |            0 |             1 |
| -0.545777 |    -1.0964    |            0 |            0 |            0 |            0 |            0 |            0 |            0 |            0 |            1 |            0 |            0 |            0 |            0 |            0 |            0 |            0 |            0 |            0 |            0 |            0 |            0 |            0 |            0 |             1 |
| -0.545777 |    -1.3396    |            0 |            0 |            0 |            0 |            0 |            0 |            0 |            0 |            1 |            0 |            0 |            0 |            0 |            0 |            0 |            0 |            0 |            0 |            0 |            0 |            0 |            0 |            0 |             1 |
|  1.03957  |     0.0856859 |            0 |            0 |            0 |            0 |            0 |            0 |            0 |            0 |            0 |            0 |            0 |            0 |            0 |            0 |            0 |            0 |            0 |            0 |            0 |            0 |            0 |            1 |            0 |             1 |
| -0.545777 |    -0.0643437 |            0 |            0 |            0 |            0 |            0 |            0 |            0 |            0 |            0 |            0 |            0 |            0 |            0 |            0 |            0 |            0 |            0 |            0 |            0 |            0 |            0 |            1 |            0 |             1 |
| -0.545777 |    -1.30814   |            0 |            0 |            0 |            0 |            0 |            0 |            0 |            0 |            0 |            0 |            0 |            0 |            0 |            0 |            0 |            0 |            0 |            0 |            0 |            0 |            0 |            1 |            0 |             1 |
| -0.545777 |    -1.32508   |            0 |            0 |            0 |            0 |            0 |            0 |            0 |            0 |            0 |            0 |            0 |            0 |            0 |            0 |            0 |            0 |            0 |            0 |            0 |            0 |            0 |            1 |            0 |             1 |
|  1.83225  |    -0.328105  |            0 |            0 |            0 |            0 |            0 |            0 |            0 |            0 |            0 |            0 |            0 |            0 |            0 |            0 |            0 |            0 |            0 |            1 |            0 |            0 |            0 |            0 |            0 |             1 |
| -0.545777 |    -0.11274   |            0 |            0 |            0 |            0 |            0 |            0 |            0 |            0 |            0 |            0 |            0 |            0 |            0 |            0 |            0 |            0 |            0 |            1 |            0 |            0 |            0 |            0 |            0 |             1 |
| -0.545777 |    -1.27184   |            0 |            0 |            0 |            0 |            0 |            0 |            0 |            0 |            0 |            0 |            0 |            0 |            0 |            0 |            0 |            0 |            0 |            1 |            0 |            0 |            0 |            0 |            0 |             1 |
| -0.545777 |    -1.39283   |            0 |            0 |            0 |            0 |            0 |            0 |            0 |            0 |            0 |            0 |            0 |            0 |            0 |            0 |            0 |            0 |            0 |            1 |            0 |            0 |            0 |            0 |            0 |             1 |
|  1.83225  |     0.659186  |            0 |            0 |            0 |            0 |            0 |            0 |            0 |            0 |            0 |            0 |            0 |            0 |            0 |            1 |            0 |            0 |            0 |            0 |            0 |            0 |            0 |            0 |            0 |             1 |
| -0.545777 |     0.572072  |            0 |            0 |            0 |            0 |            0 |            0 |            0 |            0 |            0 |            0 |            0 |            0 |            0 |            1 |            0 |            0 |            0 |            0 |            0 |            0 |            0 |            0 |            0 |             1 |
| -0.545777 |    -0.55799   |            0 |            0 |            0 |            0 |            0 |            0 |            0 |            0 |            0 |            0 |            0 |            0 |            0 |            1 |            0 |            0 |            0 |            0 |            0 |            0 |            0 |            0 |            0 |             1 |
| -0.545777 |    -1.00445   |            0 |            0 |            0 |            0 |            0 |            0 |            0 |            0 |            0 |            0 |            0 |            0 |            0 |            1 |            0 |            0 |            0 |            0 |            0 |            0 |            0 |            0 |            0 |             1 |
| -0.545777 |    -0.998399  |            0 |            0 |            0 |            0 |            0 |            0 |            0 |            0 |            0 |            0 |            0 |            0 |            0 |            1 |            0 |            0 |            0 |            0 |            0 |            0 |            0 |            0 |            0 |             1 |
|  1.03957  |     0.540614  |            0 |            0 |            0 |            0 |            0 |            1 |            0 |            0 |            0 |            0 |            0 |            0 |            0 |            0 |            0 |            0 |            0 |            0 |            0 |            0 |            0 |            0 |            0 |             1 |
| -0.545777 |     0.795907  |            0 |            0 |            0 |            0 |            0 |            1 |            0 |            0 |            0 |            0 |            0 |            0 |            0 |            0 |            0 |            0 |            0 |            0 |            0 |            0 |            0 |            0 |            0 |             1 |
| -0.545777 |    -0.41401   |            0 |            0 |            0 |            0 |            0 |            1 |            0 |            0 |            0 |            0 |            0 |            0 |            0 |            0 |            0 |            0 |            0 |            0 |            0 |            0 |            0 |            0 |            0 |             1 |
|  1.83225  |    -0.956052  |            0 |            0 |            0 |            0 |            0 |            1 |            0 |            0 |            0 |            0 |            0 |            0 |            0 |            0 |            0 |            0 |            0 |            0 |            0 |            0 |            0 |            0 |            0 |             1 |
| -0.545777 |     0.386955  |            0 |            0 |            0 |            0 |            0 |            1 |            0 |            0 |            0 |            0 |            0 |            0 |            0 |            0 |            0 |            0 |            0 |            0 |            0 |            0 |            0 |            0 |            0 |             1 |
|  1.83225  |     0.097785  |            0 |            0 |            1 |            0 |            0 |            0 |            0 |            0 |            0 |            0 |            0 |            0 |            0 |            0 |            0 |            0 |            0 |            0 |            0 |            0 |            0 |            0 |            0 |             1 |
| -0.545777 |     0.75114   |            0 |            0 |            1 |            0 |            0 |            0 |            0 |            0 |            0 |            0 |            0 |            0 |            0 |            0 |            0 |            0 |            0 |            0 |            0 |            0 |            0 |            0 |            0 |             1 |
| -0.545777 |    -0.0256264 |            0 |            0 |            1 |            0 |            0 |            0 |            0 |            0 |            0 |            0 |            0 |            0 |            0 |            0 |            0 |            0 |            0 |            0 |            0 |            0 |            0 |            0 |            0 |             1 |
| -0.545777 |    -0.146618  |            0 |            0 |            1 |            0 |            0 |            0 |            0 |            0 |            0 |            0 |            0 |            0 |            0 |            0 |            0 |            0 |            0 |            0 |            0 |            0 |            0 |            0 |            0 |             1 |
| -0.545777 |     0.541824  |            0 |            0 |            0 |            0 |            0 |            0 |            0 |            0 |            0 |            1 |            0 |            0 |            0 |            0 |            0 |            0 |            0 |            0 |            0 |            0 |            0 |            0 |            0 |             1 |
| -0.545777 |     0.141342  |            0 |            0 |            0 |            0 |            0 |            0 |            0 |            0 |            0 |            1 |            0 |            0 |            0 |            0 |            0 |            0 |            0 |            0 |            0 |            0 |            0 |            0 |            0 |             1 |
| -0.545777 |    -0.456357  |            0 |            0 |            0 |            0 |            0 |            0 |            0 |            0 |            0 |            1 |            0 |            0 |            0 |            0 |            0 |            0 |            0 |            0 |            0 |            0 |            0 |            0 |            0 |             1 |
| -0.545777 |     0.614419  |            0 |            1 |            0 |            0 |            0 |            0 |            0 |            0 |            0 |            0 |            0 |            0 |            0 |            0 |            0 |            0 |            0 |            0 |            0 |            0 |            0 |            0 |            0 |             1 |
| -0.545777 |    -0.0425652 |            0 |            1 |            0 |            0 |            0 |            0 |            0 |            0 |            0 |            0 |            0 |            0 |            0 |            0 |            0 |            0 |            0 |            0 |            0 |            0 |            0 |            0 |            0 |             1 |
| -0.545777 |    -0.26277   |            0 |            1 |            0 |            0 |            0 |            0 |            0 |            0 |            0 |            0 |            0 |            0 |            0 |            0 |            0 |            0 |            0 |            0 |            0 |            0 |            0 |            0 |            0 |             1 |
|  1.03957  |     0.856403  |            0 |            0 |            0 |            0 |            0 |            0 |            0 |            0 |            0 |            0 |            0 |            0 |            0 |            0 |            0 |            0 |            1 |            0 |            0 |            0 |            0 |            0 |            0 |             1 |
| -0.545777 |     0.521256  |            0 |            0 |            0 |            0 |            0 |            0 |            0 |            0 |            0 |            0 |            0 |            0 |            0 |            0 |            0 |            0 |            1 |            0 |            0 |            0 |            0 |            0 |            0 |             1 |
| -0.545777 |    -0.280919  |            0 |            0 |            0 |            0 |            0 |            0 |            0 |            0 |            0 |            0 |            0 |            0 |            0 |            0 |            0 |            0 |            1 |            0 |            0 |            0 |            0 |            0 |            0 |             1 |
|  1.83225  |    -0.709229  |            0 |            0 |            0 |            0 |            0 |            0 |            0 |            0 |            0 |            0 |            0 |            0 |            0 |            0 |            0 |            0 |            1 |            0 |            0 |            0 |            0 |            0 |            0 |             1 |
| -0.545777 |     0.547874  |            0 |            0 |            0 |            0 |            0 |            0 |            0 |            0 |            0 |            0 |            0 |            0 |            0 |            0 |            0 |            0 |            1 |            0 |            0 |            0 |            0 |            0 |            0 |             1 |
| -0.545777 |     1.42506   |            0 |            0 |            0 |            0 |            1 |            0 |            0 |            0 |            0 |            0 |            0 |            0 |            0 |            0 |            0 |            0 |            0 |            0 |            0 |            0 |            0 |            0 |            0 |             1 |
| -0.545777 |     0.576912  |            0 |            0 |            0 |            0 |            1 |            0 |            0 |            0 |            0 |            0 |            0 |            0 |            0 |            0 |            0 |            0 |            0 |            0 |            0 |            0 |            0 |            0 |            0 |             1 |
|  1.83225  |     0.31194   |            0 |            0 |            0 |            0 |            1 |            0 |            0 |            0 |            0 |            0 |            0 |            0 |            0 |            0 |            0 |            0 |            0 |            0 |            0 |            0 |            0 |            0 |            0 |             1 |
| -0.545777 |     1.23511   |            0 |            0 |            0 |            0 |            1 |            0 |            0 |            0 |            0 |            0 |            0 |            0 |            0 |            0 |            0 |            0 |            0 |            0 |            0 |            0 |            0 |            0 |            0 |             1 |
|  1.83225  |    -0.245831  |            0 |            0 |            0 |            0 |            1 |            0 |            0 |            0 |            0 |            0 |            0 |            0 |            0 |            0 |            0 |            0 |            0 |            0 |            0 |            0 |            0 |            0 |            0 |             1 |
| -0.545777 |     1.69366   |            0 |            0 |            0 |            0 |            1 |            0 |            0 |            0 |            0 |            0 |            0 |            0 |            0 |            0 |            0 |            0 |            0 |            0 |            0 |            0 |            0 |            0 |            0 |             1 |
| -0.545777 |     1.0028    |            0 |            0 |            0 |            0 |            0 |            0 |            0 |            0 |            0 |            0 |            0 |            0 |            1 |            0 |            0 |            0 |            0 |            0 |            0 |            0 |            0 |            0 |            0 |             1 |
| -0.545777 |     0.245395  |            0 |            0 |            0 |            0 |            0 |            0 |            0 |            0 |            0 |            0 |            0 |            0 |            1 |            0 |            0 |            0 |            0 |            0 |            0 |            0 |            0 |            0 |            0 |             1 |
| -0.545777 |    -0.0679735 |            0 |            0 |            0 |            0 |            0 |            0 |            0 |            0 |            0 |            0 |            0 |            0 |            1 |            0 |            0 |            0 |            0 |            0 |            0 |            0 |            0 |            0 |            0 |             1 |
| -0.545777 |     0.912059  |            0 |            0 |            0 |            0 |            0 |            0 |            0 |            0 |            0 |            0 |            1 |            0 |            0 |            0 |            0 |            0 |            0 |            0 |            0 |            0 |            0 |            0 |            0 |             1 |
| -0.545777 |     0.655556  |            0 |            0 |            0 |            0 |            0 |            0 |            0 |            0 |            0 |            0 |            1 |            0 |            0 |            0 |            0 |            0 |            0 |            0 |            0 |            0 |            0 |            0 |            0 |             1 |
|  1.03957  |     1.54243   |            0 |            0 |            0 |            0 |            0 |            0 |            0 |            0 |            0 |            0 |            0 |            1 |            0 |            0 |            0 |            0 |            0 |            0 |            0 |            0 |            0 |            0 |            0 |             1 |
| -0.545777 |     1.84006   |            0 |            0 |            0 |            0 |            0 |            0 |            0 |            0 |            0 |            0 |            0 |            1 |            0 |            0 |            0 |            0 |            0 |            0 |            0 |            0 |            0 |            0 |            0 |             1 |
| -0.545777 |     0.484958  |            0 |            0 |            0 |            0 |            0 |            0 |            0 |            0 |            0 |            0 |            0 |            1 |            0 |            0 |            0 |            0 |            0 |            0 |            0 |            0 |            0 |            0 |            0 |             1 |
| -0.545777 |     0.768079  |            0 |            0 |            0 |            0 |            0 |            0 |            0 |            0 |            0 |            0 |            0 |            1 |            0 |            0 |            0 |            0 |            0 |            0 |            0 |            0 |            0 |            0 |            0 |             1 |
| -0.545777 |     1.49766   |            1 |            0 |            0 |            0 |            0 |            0 |            0 |            0 |            0 |            0 |            0 |            0 |            0 |            0 |            0 |            0 |            0 |            0 |            0 |            0 |            0 |            0 |            0 |             1 |
| -0.545777 |     1.07419   |            1 |            0 |            0 |            0 |            0 |            0 |            0 |            0 |            0 |            0 |            0 |            0 |            0 |            0 |            0 |            0 |            0 |            0 |            0 |            0 |            0 |            0 |            0 |             1 |
| -0.545777 |     1.14678   |            0 |            0 |            0 |            0 |            0 |            0 |            0 |            0 |            0 |            0 |            0 |            0 |            0 |            0 |            0 |            0 |            0 |            0 |            0 |            0 |            0 |            0 |            1 |             1 |
|  1.83225  |     0.792277  |            0 |            0 |            0 |            0 |            0 |            0 |            0 |            0 |            0 |            0 |            0 |            0 |            0 |            0 |            0 |            0 |            0 |            0 |            0 |            0 |            0 |            0 |            1 |             1 |
| -0.545777 |     2.06269   |            0 |            0 |            0 |            0 |            0 |            0 |            0 |            0 |            0 |            0 |            0 |            0 |            0 |            0 |            0 |            0 |            0 |            0 |            0 |            0 |            0 |            0 |            1 |             1 |
| -0.545777 |     2.10867   |            0 |            0 |            0 |            0 |            0 |            0 |            0 |            0 |            0 |            0 |            0 |            0 |            0 |            0 |            0 |            0 |            0 |            0 |            0 |            0 |            1 |            0 |            0 |             1 |
| -0.545777 |     1.93081   |            0 |            0 |            0 |            0 |            0 |            0 |            1 |            0 |            0 |            0 |            0 |            0 |            0 |            0 |            0 |            0 |            0 |            0 |            0 |            0 |            0 |            0 |            0 |             1 |
|  1.03957  |     2.13528   |            0 |            0 |            0 |            0 |            0 |            0 |            0 |            0 |            0 |            0 |            0 |            0 |            0 |            0 |            0 |            1 |            0 |            0 |            0 |            0 |            0 |            0 |            0 |             1 |
| -0.545777 |     2.04091   |            0 |            0 |            0 |            0 |            0 |            0 |            0 |            0 |            0 |            0 |            0 |            0 |            0 |            0 |            0 |            1 |            0 |            0 |            0 |            0 |            0 |            0 |            0 |             1 |
| -0.545777 |     1.77957   |            0 |            0 |            0 |            0 |            0 |            0 |            0 |            0 |            0 |            0 |            0 |            0 |            0 |            0 |            0 |            0 |            0 |            0 |            0 |            1 |            0 |            0 |            0 |             1 |
| -0.545777 |     2.17279   |            0 |            0 |            0 |            0 |            0 |            0 |            0 |            1 |            0 |            0 |            0 |            0 |            0 |            0 |            0 |            0 |            0 |            0 |            0 |            0 |            0 |            0 |            0 |             1 |
| -0.545777 |    -0.657203  |            0 |            0 |            0 |            0 |            0 |            0 |            0 |            0 |            0 |            0 |            0 |            0 |            0 |            0 |            0 |            0 |            0 |            0 |            0 |            0 |            0 |            1 |            0 |             1 |
| -0.545777 |    -1.61546   |            0 |            0 |            0 |            0 |            0 |            0 |            0 |            0 |            0 |            0 |            0 |            0 |            0 |            0 |            0 |            0 |            0 |            0 |            0 |            0 |            0 |            1 |            0 |             1 |
| -0.545777 |    -2.34867   |            0 |            0 |            0 |            0 |            0 |            0 |            0 |            0 |            0 |            0 |            0 |            0 |            0 |            0 |            0 |            0 |            0 |            0 |            0 |            0 |            0 |            1 |            0 |             1 |
| -0.545777 |    -0.434578  |            0 |            0 |            0 |            0 |            0 |            0 |            0 |            0 |            0 |            0 |            0 |            0 |            0 |            1 |            0 |            0 |            0 |            0 |            0 |            0 |            0 |            0 |            0 |             1 |
| -0.545777 |    -1.32145   |            0 |            0 |            0 |            0 |            0 |            0 |            0 |            0 |            0 |            0 |            0 |            0 |            0 |            1 |            0 |            0 |            0 |            0 |            0 |            0 |            0 |            0 |            0 |             1 |
| -0.545777 |    -2.06555   |            0 |            0 |            0 |            0 |            0 |            0 |            0 |            0 |            0 |            0 |            0 |            0 |            0 |            1 |            0 |            0 |            0 |            0 |            0 |            0 |            0 |            0 |            0 |             1 |
|  3.4176   |    -0.900396  |            0 |            0 |            0 |            0 |            0 |            0 |            0 |            0 |            1 |            0 |            0 |            0 |            0 |            0 |            0 |            0 |            0 |            0 |            0 |            0 |            0 |            0 |            0 |             1 |
| -0.545777 |    -0.168397  |            0 |            0 |            0 |            0 |            0 |            0 |            0 |            0 |            1 |            0 |            0 |            0 |            0 |            0 |            0 |            0 |            0 |            0 |            0 |            0 |            0 |            0 |            0 |             1 |
| -0.545777 |    -1.88285   |            0 |            0 |            0 |            0 |            0 |            0 |            0 |            0 |            1 |            0 |            0 |            0 |            0 |            0 |            0 |            0 |            0 |            0 |            0 |            0 |            0 |            0 |            0 |             1 |
| -0.545777 |     0.689434  |            0 |            0 |            0 |            0 |            0 |            0 |            0 |            0 |            0 |            0 |            0 |            0 |            0 |            0 |            0 |            0 |            0 |            1 |            0 |            0 |            0 |            0 |            0 |             1 |
|  1.83225  |    -1.0226    |            0 |            0 |            0 |            0 |            0 |            0 |            0 |            0 |            0 |            0 |            0 |            0 |            0 |            0 |            0 |            0 |            0 |            1 |            0 |            0 |            0 |            0 |            0 |             1 |
| -0.545777 |    -0.453937  |            0 |            0 |            0 |            0 |            0 |            0 |            0 |            0 |            0 |            0 |            0 |            0 |            0 |            0 |            0 |            0 |            0 |            1 |            0 |            0 |            0 |            0 |            0 |             1 |
| -0.545777 |    -1.60094   |            0 |            0 |            0 |            0 |            0 |            0 |            0 |            0 |            0 |            0 |            0 |            0 |            0 |            0 |            0 |            0 |            0 |            1 |            0 |            0 |            0 |            0 |            0 |             1 |
| -0.545777 |    -1.78726   |            0 |            0 |            0 |            0 |            0 |            0 |            0 |            0 |            0 |            0 |            0 |            0 |            0 |            0 |            0 |            0 |            0 |            1 |            0 |            0 |            0 |            0 |            0 |             1 |
|  1.83225  |    -0.822961  |            0 |            1 |            0 |            0 |            0 |            0 |            0 |            0 |            0 |            0 |            0 |            0 |            0 |            0 |            0 |            0 |            0 |            0 |            0 |            0 |            0 |            0 |            0 |             1 |
| -0.545777 |    -0.738267  |            0 |            1 |            0 |            0 |            0 |            0 |            0 |            0 |            0 |            0 |            0 |            0 |            0 |            0 |            0 |            0 |            0 |            0 |            0 |            0 |            0 |            0 |            0 |             1 |
| -0.545777 |    -0.900396  |            0 |            1 |            0 |            0 |            0 |            0 |            0 |            0 |            0 |            0 |            0 |            0 |            0 |            0 |            0 |            0 |            0 |            0 |            0 |            0 |            0 |            0 |            0 |             1 |
| -0.545777 |    -1.44365   |            0 |            1 |            0 |            0 |            0 |            0 |            0 |            0 |            0 |            0 |            0 |            0 |            0 |            0 |            0 |            0 |            0 |            0 |            0 |            0 |            0 |            0 |            0 |             1 |
|  1.83225  |    -0.945163  |            0 |            0 |            0 |            0 |            0 |            0 |            0 |            0 |            0 |            0 |            0 |            0 |            0 |            0 |            0 |            0 |            1 |            0 |            0 |            0 |            0 |            0 |            0 |             1 |
| -0.545777 |    -0.145408  |            0 |            0 |            0 |            0 |            0 |            0 |            0 |            0 |            0 |            0 |            0 |            0 |            0 |            0 |            0 |            0 |            1 |            0 |            0 |            0 |            0 |            0 |            0 |             1 |
| -0.545777 |    -0.910075  |            0 |            0 |            0 |            0 |            0 |            0 |            0 |            0 |            0 |            0 |            0 |            0 |            0 |            0 |            0 |            0 |            1 |            0 |            0 |            0 |            0 |            0 |            0 |             1 |
| -0.545777 |    -1.61062   |            0 |            0 |            0 |            0 |            0 |            0 |            0 |            0 |            0 |            0 |            0 |            0 |            0 |            0 |            0 |            0 |            1 |            0 |            0 |            0 |            0 |            0 |            0 |             1 |
|  1.83225  |    -0.357143  |            0 |            0 |            0 |            0 |            0 |            1 |            0 |            0 |            0 |            0 |            0 |            0 |            0 |            0 |            0 |            0 |            0 |            0 |            0 |            0 |            0 |            0 |            0 |             1 |
| -0.545777 |    -0.222843  |            0 |            0 |            0 |            0 |            0 |            1 |            0 |            0 |            0 |            0 |            0 |            0 |            0 |            0 |            0 |            0 |            0 |            0 |            0 |            0 |            0 |            0 |            0 |             1 |
| -0.545777 |    -1.13391   |            0 |            0 |            0 |            0 |            0 |            1 |            0 |            0 |            0 |            0 |            0 |            0 |            0 |            0 |            0 |            0 |            0 |            0 |            0 |            0 |            0 |            0 |            0 |             1 |
| -0.545777 |    -1.60336   |            0 |            0 |            0 |            0 |            0 |            1 |            0 |            0 |            0 |            0 |            0 |            0 |            0 |            0 |            0 |            0 |            0 |            0 |            0 |            0 |            0 |            0 |            0 |             1 |
| -0.545777 |    -0.26761   |            0 |            0 |            0 |            0 |            0 |            0 |            0 |            0 |            0 |            0 |            0 |            0 |            0 |            0 |            0 |            0 |            0 |            0 |            0 |            1 |            0 |            0 |            0 |             1 |
|  1.83225  |    -0.791503  |            0 |            0 |            0 |            0 |            0 |            0 |            0 |            0 |            0 |            0 |            0 |            0 |            0 |            0 |            0 |            0 |            0 |            0 |            0 |            1 |            0 |            0 |            0 |             1 |
| -0.545777 |     0.564813  |            0 |            0 |            0 |            0 |            0 |            0 |            0 |            0 |            0 |            0 |            0 |            0 |            0 |            0 |            0 |            0 |            0 |            0 |            0 |            1 |            0 |            0 |            0 |             1 |
|  1.83225  |    -0.860469  |            0 |            0 |            0 |            0 |            0 |            0 |            0 |            0 |            0 |            0 |            0 |            0 |            0 |            0 |            0 |            0 |            0 |            0 |            0 |            1 |            0 |            0 |            0 |             1 |
| -0.545777 |     0.106254  |            0 |            0 |            0 |            0 |            0 |            0 |            0 |            0 |            0 |            0 |            0 |            0 |            0 |            0 |            0 |            0 |            0 |            0 |            0 |            1 |            0 |            0 |            0 |             1 |
| -0.545777 |    -0.181706  |            0 |            0 |            0 |            0 |            0 |            0 |            0 |            0 |            0 |            0 |            0 |            0 |            1 |            0 |            0 |            0 |            0 |            0 |            0 |            0 |            0 |            0 |            0 |             1 |
|  1.83225  |    -0.399491  |            0 |            0 |            0 |            0 |            0 |            0 |            0 |            0 |            0 |            0 |            0 |            0 |            1 |            0 |            0 |            0 |            0 |            0 |            0 |            0 |            0 |            0 |            0 |             1 |
| -0.545777 |     0.639828  |            0 |            0 |            0 |            0 |            0 |            0 |            0 |            0 |            0 |            0 |            0 |            0 |            1 |            0 |            0 |            0 |            0 |            0 |            0 |            0 |            0 |            0 |            0 |             1 |
| -0.545777 |    -1.11818   |            0 |            0 |            0 |            0 |            0 |            0 |            0 |            0 |            0 |            0 |            0 |            0 |            1 |            0 |            0 |            0 |            0 |            0 |            0 |            0 |            0 |            0 |            0 |             1 |
| -0.545777 |     0.631358  |            0 |            0 |            0 |            0 |            0 |            0 |            1 |            0 |            0 |            0 |            0 |            0 |            0 |            0 |            0 |            0 |            0 |            0 |            0 |            0 |            0 |            0 |            0 |             1 |
|  1.83225  |    -0.767305  |            0 |            0 |            0 |            0 |            0 |            0 |            1 |            0 |            0 |            0 |            0 |            0 |            0 |            0 |            0 |            0 |            0 |            0 |            0 |            0 |            0 |            0 |            0 |             1 |
| -0.545777 |     0.113514  |            0 |            0 |            0 |            0 |            0 |            0 |            1 |            0 |            0 |            0 |            0 |            0 |            0 |            0 |            0 |            0 |            0 |            0 |            0 |            0 |            0 |            0 |            0 |             1 |
| -0.545777 |    -1.24522   |            0 |            0 |            0 |            0 |            0 |            0 |            1 |            0 |            0 |            0 |            0 |            0 |            0 |            0 |            0 |            0 |            0 |            0 |            0 |            0 |            0 |            0 |            0 |             1 |
| -0.545777 |     0.867292  |            0 |            0 |            0 |            0 |            0 |            0 |            0 |            0 |            0 |            0 |            0 |            1 |            0 |            0 |            0 |            0 |            0 |            0 |            0 |            0 |            0 |            0 |            0 |             1 |
|  1.83225  |    -0.225263  |            0 |            0 |            0 |            0 |            0 |            0 |            0 |            0 |            0 |            0 |            0 |            1 |            0 |            0 |            0 |            0 |            0 |            0 |            0 |            0 |            0 |            0 |            0 |             1 |
| -0.545777 |     0.426882  |            0 |            0 |            0 |            0 |            0 |            0 |            0 |            0 |            0 |            0 |            0 |            1 |            0 |            0 |            0 |            0 |            0 |            0 |            0 |            0 |            0 |            0 |            0 |             1 |
| -0.545777 |     0.137712  |            0 |            0 |            1 |            0 |            0 |            0 |            0 |            0 |            0 |            0 |            0 |            0 |            0 |            0 |            0 |            0 |            0 |            0 |            0 |            0 |            0 |            0 |            0 |             1 |
|  1.83225  |    -0.40433   |            0 |            0 |            1 |            0 |            0 |            0 |            0 |            0 |            0 |            0 |            0 |            0 |            0 |            0 |            0 |            0 |            0 |            0 |            0 |            0 |            0 |            0 |            0 |             1 |
|  1.83225  |     0.401474  |            0 |            0 |            1 |            0 |            0 |            0 |            0 |            0 |            0 |            0 |            0 |            0 |            0 |            0 |            0 |            0 |            0 |            0 |            0 |            0 |            0 |            0 |            0 |             1 |
| -0.545777 |     0.131663  |            0 |            0 |            0 |            0 |            0 |            0 |            0 |            0 |            0 |            0 |            0 |            0 |            0 |            0 |            0 |            0 |            0 |            0 |            0 |            0 |            0 |            0 |            1 |             1 |
|  1.83225  |    -0.27003   |            0 |            0 |            0 |            0 |            0 |            0 |            0 |            0 |            0 |            0 |            0 |            0 |            0 |            0 |            0 |            0 |            0 |            0 |            0 |            0 |            0 |            0 |            1 |             1 |
| -0.545777 |     0.477699  |            0 |            0 |            0 |            0 |            0 |            0 |            0 |            0 |            0 |            0 |            0 |            0 |            0 |            0 |            0 |            0 |            0 |            0 |            0 |            0 |            0 |            0 |            1 |             1 |
| -0.545777 |     0.355497  |            0 |            0 |            0 |            0 |            0 |            0 |            0 |            0 |            0 |            0 |            0 |            0 |            0 |            0 |            0 |            0 |            0 |            0 |            0 |            0 |            1 |            0 |            0 |             1 |
| -0.545777 |    -0.110321  |            0 |            0 |            0 |            0 |            0 |            0 |            0 |            0 |            0 |            0 |            0 |            0 |            0 |            0 |            0 |            0 |            0 |            0 |            0 |            0 |            1 |            0 |            0 |             1 |
|  1.83225  |    -0.530161  |            0 |            0 |            0 |            0 |            0 |            0 |            0 |            0 |            0 |            0 |            0 |            0 |            0 |            0 |            0 |            0 |            0 |            0 |            0 |            0 |            1 |            0 |            0 |             1 |
|  1.83225  |     1.06693   |            0 |            0 |            0 |            0 |            0 |            0 |            0 |            0 |            0 |            0 |            0 |            0 |            0 |            0 |            0 |            0 |            0 |            0 |            0 |            0 |            1 |            0 |            0 |             1 |
| -0.545777 |     0.30952   |            1 |            0 |            0 |            0 |            0 |            0 |            0 |            0 |            0 |            0 |            0 |            0 |            0 |            0 |            0 |            0 |            0 |            0 |            0 |            0 |            0 |            0 |            0 |             1 |
| -0.545777 |     1.01006   |            0 |            0 |            0 |            0 |            0 |            0 |            0 |            0 |            0 |            0 |            0 |            0 |            0 |            0 |            0 |            0 |            0 |            0 |            1 |            0 |            0 |            0 |            0 |             1 |
| -0.545777 |     0.280482  |            0 |            0 |            0 |            0 |            0 |            0 |            0 |            0 |            0 |            1 |            0 |            0 |            0 |            0 |            0 |            0 |            0 |            0 |            0 |            0 |            0 |            0 |            0 |             1 |
| -0.545777 |     0.961665  |            0 |            0 |            0 |            0 |            0 |            0 |            0 |            0 |            0 |            0 |            0 |            0 |            0 |            0 |            1 |            0 |            0 |            0 |            0 |            0 |            0 |            0 |            0 |             1 |
| -0.545777 |     1.22301   |            0 |            0 |            0 |            1 |            0 |            0 |            0 |            0 |            0 |            0 |            0 |            0 |            0 |            0 |            0 |            0 |            0 |            0 |            0 |            0 |            0 |            0 |            0 |             1 |
| -0.545777 |     0.342188  |            0 |            0 |            0 |            1 |            0 |            0 |            0 |            0 |            0 |            0 |            0 |            0 |            0 |            0 |            0 |            0 |            0 |            0 |            0 |            0 |            0 |            0 |            0 |             1 |
| -0.545777 |     0.414783  |            0 |            0 |            0 |            0 |            1 |            0 |            0 |            0 |            0 |            0 |            0 |            0 |            0 |            0 |            0 |            0 |            0 |            0 |            0 |            0 |            0 |            0 |            0 |             1 |
|    TireAge |   PreviousLap |   Driver_ALB |   Driver_ALO |   Driver_BOT |   Driver_GAS |   Driver_HAM |   Driver_HUL |   Driver_LEC |   Driver_MAG |   Driver_NOR |   Driver_OCO |   Driver_PER |   Driver_PIA |   Driver_RIC |   Driver_RUS |   Driver_SAI |   Driver_SAR |   Driver_STR |   Driver_TSU |   Driver_VER |   Driver_ZHO |   Weather_Dry |
|-----------:|--------------:|-------------:|-------------:|-------------:|-------------:|-------------:|-------------:|-------------:|-------------:|-------------:|-------------:|-------------:|-------------:|-------------:|-------------:|-------------:|-------------:|-------------:|-------------:|-------------:|-------------:|--------------:|
|  1.5061    |    -0.694662  |            0 |            0 |            0 |            0 |            0 |            0 |            0 |            0 |            0 |            0 |            0 |            0 |            0 |            0 |            0 |            0 |            0 |            0 |            1 |            0 |             1 |
| -0.653381  |    -0.488096  |            0 |            0 |            0 |            0 |            0 |            0 |            0 |            0 |            0 |            0 |            0 |            0 |            0 |            0 |            0 |            0 |            0 |            0 |            1 |            0 |             1 |
| -0.653381  |    -1.74671   |            0 |            0 |            0 |            0 |            0 |            0 |            0 |            0 |            0 |            0 |            0 |            0 |            0 |            0 |            0 |            0 |            0 |            0 |            1 |            0 |             1 |
| -0.653381  |    -1.67145   |            0 |            0 |            0 |            0 |            0 |            0 |            0 |            0 |            0 |            0 |            0 |            0 |            0 |            0 |            0 |            0 |            0 |            0 |            1 |            0 |             1 |
| -0.653381  |     1.27332   |            0 |            0 |            0 |            0 |            0 |            0 |            1 |            0 |            0 |            0 |            0 |            0 |            0 |            0 |            0 |            0 |            0 |            0 |            0 |            0 |             1 |
|  1.5061    |    -0.35519   |            0 |            0 |            0 |            0 |            0 |            0 |            1 |            0 |            0 |            0 |            0 |            0 |            0 |            0 |            0 |            0 |            0 |            0 |            0 |            0 |             1 |
| -0.653381  |    -0.593781  |            0 |            0 |            0 |            0 |            0 |            0 |            1 |            0 |            0 |            0 |            0 |            0 |            0 |            0 |            0 |            0 |            0 |            0 |            0 |            0 |             1 |
|  0.0664455 |    -2.08137   |            0 |            0 |            0 |            0 |            0 |            0 |            1 |            0 |            0 |            0 |            0 |            0 |            0 |            0 |            0 |            0 |            0 |            0 |            0 |            0 |             1 |
| -0.653381  |    -1.57697   |            0 |            0 |            0 |            0 |            0 |            0 |            1 |            0 |            0 |            0 |            0 |            0 |            0 |            0 |            0 |            0 |            0 |            0 |            0 |            0 |             1 |
|  2.94575   |    -0.183852  |            0 |            0 |            0 |            0 |            0 |            0 |            0 |            0 |            0 |            0 |            0 |            0 |            0 |            1 |            0 |            0 |            0 |            0 |            0 |            0 |             1 |
| -0.653381  |     0.373395  |            0 |            0 |            0 |            0 |            0 |            0 |            0 |            0 |            0 |            0 |            0 |            0 |            0 |            1 |            0 |            0 |            0 |            0 |            0 |            0 |             1 |
| -0.653381  |    -0.869202  |            0 |            0 |            0 |            0 |            0 |            0 |            0 |            0 |            0 |            0 |            0 |            0 |            0 |            1 |            0 |            0 |            0 |            0 |            0 |            0 |             1 |
| -0.653381  |    -1.38001   |            0 |            0 |            0 |            0 |            0 |            0 |            0 |            0 |            0 |            0 |            0 |            0 |            0 |            1 |            0 |            0 |            0 |            0 |            0 |            0 |             1 |
| -0.653381  |     1.19005   |            0 |            0 |            0 |            0 |            0 |            0 |            0 |            0 |            0 |            0 |            0 |            0 |            0 |            0 |            1 |            0 |            0 |            0 |            0 |            0 |             1 |
|  1.5061    |    -0.890019  |            0 |            0 |            0 |            0 |            0 |            0 |            0 |            0 |            0 |            0 |            0 |            0 |            0 |            0 |            1 |            0 |            0 |            0 |            0 |            0 |             1 |
| -0.653381  |    -0.0637558 |            0 |            0 |            0 |            0 |            0 |            0 |            0 |            0 |            0 |            0 |            0 |            0 |            0 |            0 |            1 |            0 |            0 |            0 |            0 |            0 |             1 |
| -0.653381  |    -1.42805   |            0 |            0 |            0 |            0 |            0 |            0 |            0 |            0 |            0 |            0 |            0 |            0 |            0 |            0 |            1 |            0 |            0 |            0 |            0 |            0 |             1 |
| -0.653381  |    -1.37201   |            0 |            0 |            0 |            0 |            0 |            0 |            0 |            0 |            0 |            0 |            0 |            0 |            0 |            0 |            1 |            0 |            0 |            0 |            0 |            0 |             1 |
|  1.5061    |    -0.390418  |            0 |            0 |            0 |            0 |            0 |            0 |            0 |            0 |            0 |            0 |            1 |            0 |            0 |            0 |            0 |            0 |            0 |            0 |            0 |            0 |             1 |
| -0.653381  |     0.0563406 |            0 |            0 |            0 |            0 |            0 |            0 |            0 |            0 |            0 |            0 |            1 |            0 |            0 |            0 |            0 |            0 |            0 |            0 |            0 |            0 |             1 |
|  0.786272  |    -0.853189  |            0 |            0 |            0 |            0 |            0 |            0 |            0 |            0 |            0 |            0 |            1 |            0 |            0 |            0 |            0 |            0 |            0 |            0 |            0 |            0 |             1 |
| -0.653381  |    -0.696263  |            0 |            0 |            0 |            0 |            0 |            0 |            0 |            0 |            0 |            0 |            1 |            0 |            0 |            0 |            0 |            0 |            0 |            0 |            0 |            0 |             1 |
| -0.653381  |    -0.457672  |            0 |            1 |            0 |            0 |            0 |            0 |            0 |            0 |            0 |            0 |            0 |            0 |            0 |            0 |            0 |            0 |            0 |            0 |            0 |            0 |             1 |
| -0.653381  |    -0.526527  |            0 |            1 |            0 |            0 |            0 |            0 |            0 |            0 |            0 |            0 |            0 |            0 |            0 |            0 |            0 |            0 |            0 |            0 |            0 |            0 |             1 |
| -0.653381  |    -1.06296   |            0 |            1 |            0 |            0 |            0 |            0 |            0 |            0 |            0 |            0 |            0 |            0 |            0 |            0 |            0 |            0 |            0 |            0 |            0 |            0 |             1 |
|  0.0664455 |    -0.515318  |            0 |            0 |            0 |            0 |            0 |            0 |            0 |            0 |            1 |            0 |            0 |            0 |            0 |            0 |            0 |            0 |            0 |            0 |            0 |            0 |             1 |
|  0.786272  |    -0.838778  |            0 |            0 |            0 |            0 |            0 |            0 |            0 |            0 |            1 |            0 |            0 |            0 |            0 |            0 |            0 |            0 |            0 |            0 |            0 |            0 |             1 |
| -0.653381  |    -1.25831   |            0 |            0 |            0 |            0 |            0 |            0 |            0 |            0 |            1 |            0 |            0 |            0 |            0 |            0 |            0 |            0 |            0 |            0 |            0 |            0 |             1 |
| -0.653381  |     0.363787  |            0 |            0 |            0 |            0 |            0 |            0 |            0 |            0 |            0 |            0 |            0 |            1 |            0 |            0 |            0 |            0 |            0 |            0 |            0 |            0 |             1 |
|  1.5061    |     0.10598   |            0 |            0 |            0 |            0 |            0 |            0 |            0 |            0 |            0 |            0 |            0 |            1 |            0 |            0 |            0 |            0 |            0 |            0 |            0 |            0 |             1 |
| -0.653381  |     0.2549    |            0 |            0 |            0 |            0 |            0 |            0 |            0 |            0 |            0 |            0 |            0 |            1 |            0 |            0 |            0 |            0 |            0 |            0 |            0 |            0 |             1 |
|  1.5061    |    -0.548945  |            0 |            0 |            0 |            0 |            0 |            0 |            0 |            0 |            0 |            0 |            0 |            1 |            0 |            0 |            0 |            0 |            0 |            0 |            0 |            0 |             1 |
| -0.653381  |     0.298135  |            0 |            0 |            0 |            0 |            0 |            0 |            0 |            0 |            0 |            0 |            0 |            1 |            0 |            0 |            0 |            0 |            0 |            0 |            0 |            0 |             1 |
| -0.653381  |     0.546334  |            0 |            0 |            0 |            0 |            1 |            0 |            0 |            0 |            0 |            0 |            0 |            0 |            0 |            0 |            0 |            0 |            0 |            0 |            0 |            0 |             1 |
|  1.5061    |    -0.0221224 |            0 |            0 |            0 |            0 |            1 |            0 |            0 |            0 |            0 |            0 |            0 |            0 |            0 |            0 |            0 |            0 |            0 |            0 |            0 |            0 |             1 |
| -0.653381  |    -0.163035  |            0 |            0 |            0 |            0 |            1 |            0 |            0 |            0 |            0 |            0 |            0 |            0 |            0 |            0 |            0 |            0 |            0 |            0 |            0 |            0 |             1 |
|  1.5061    |    -1.19586   |            0 |            0 |            0 |            0 |            1 |            0 |            0 |            0 |            0 |            0 |            0 |            0 |            0 |            0 |            0 |            0 |            0 |            0 |            0 |            0 |             1 |
| -0.653381  |    -0.0317301 |            0 |            0 |            0 |            0 |            1 |            0 |            0 |            0 |            0 |            0 |            0 |            0 |            0 |            0 |            0 |            0 |            0 |            0 |            0 |            0 |             1 |
| -0.653381  |     0.253299  |            0 |            0 |            0 |            0 |            0 |            1 |            0 |            0 |            0 |            0 |            0 |            0 |            0 |            0 |            0 |            0 |            0 |            0 |            0 |            0 |             1 |
|  1.5061    |     0.162025  |            0 |            0 |            0 |            0 |            0 |            1 |            0 |            0 |            0 |            0 |            0 |            0 |            0 |            0 |            0 |            0 |            0 |            0 |            0 |            0 |             1 |
| -0.653381  |     0.852179  |            0 |            0 |            0 |            0 |            0 |            1 |            0 |            0 |            0 |            0 |            0 |            0 |            0 |            0 |            0 |            0 |            0 |            0 |            0 |            0 |             1 |
|  1.5061    |    -0.982893  |            0 |            0 |            0 |            0 |            0 |            1 |            0 |            0 |            0 |            0 |            0 |            0 |            0 |            0 |            0 |            0 |            0 |            0 |            0 |            0 |             1 |
|  1.5061    |     0.0595432 |            0 |            0 |            0 |            0 |            0 |            1 |            0 |            0 |            0 |            0 |            0 |            0 |            0 |            0 |            0 |            0 |            0 |            0 |            0 |            0 |             1 |
| -0.653381  |     0.66643   |            0 |            0 |            0 |            0 |            0 |            0 |            0 |            0 |            0 |            0 |            0 |            0 |            0 |            0 |            0 |            0 |            0 |            1 |            0 |            0 |             1 |
|  1.5061    |     0.0259162 |            0 |            0 |            0 |            0 |            0 |            0 |            0 |            0 |            0 |            0 |            0 |            0 |            0 |            0 |            0 |            0 |            0 |            1 |            0 |            0 |             1 |
| -0.653381  |     1.02031   |            0 |            0 |            0 |            0 |            0 |            0 |            0 |            0 |            0 |            0 |            0 |            0 |            0 |            0 |            0 |            0 |            0 |            1 |            0 |            0 |             1 |
| -0.653381  |     0.639208  |            0 |            0 |            0 |            0 |            0 |            0 |            0 |            0 |            0 |            0 |            0 |            0 |            0 |            0 |            0 |            0 |            1 |            0 |            0 |            0 |             1 |
|  1.5061    |    -0.800347  |            0 |            0 |            0 |            0 |            0 |            0 |            0 |            0 |            0 |            0 |            0 |            0 |            0 |            0 |            0 |            0 |            1 |            0 |            0 |            0 |             1 |
| -0.653381  |     0.82816   |            0 |            0 |            0 |            0 |            0 |            0 |            0 |            0 |            0 |            0 |            0 |            0 |            0 |            0 |            0 |            0 |            1 |            0 |            0 |            0 |             1 |
| -0.653381  |     0.363787  |            1 |            0 |            0 |            0 |            0 |            0 |            0 |            0 |            0 |            0 |            0 |            0 |            0 |            0 |            0 |            0 |            0 |            0 |            0 |            0 |             1 |
|  1.5061    |    -0.108592  |            1 |            0 |            0 |            0 |            0 |            0 |            0 |            0 |            0 |            0 |            0 |            0 |            0 |            0 |            0 |            0 |            0 |            0 |            0 |            0 |             1 |
| -0.653381  |     1.10038   |            1 |            0 |            0 |            0 |            0 |            0 |            0 |            0 |            0 |            0 |            0 |            0 |            0 |            0 |            0 |            0 |            0 |            0 |            0 |            0 |             1 |
| -0.653381  |     0.897015  |            0 |            0 |            0 |            0 |            0 |            0 |            0 |            0 |            0 |            0 |            0 |            0 |            1 |            0 |            0 |            0 |            0 |            0 |            0 |            0 |             1 |
|  1.5061    |     0.15562   |            0 |            0 |            0 |            0 |            0 |            0 |            0 |            0 |            0 |            0 |            0 |            0 |            1 |            0 |            0 |            0 |            0 |            0 |            0 |            0 |             1 |
| -0.653381  |     1.05874   |            0 |            0 |            0 |            0 |            0 |            0 |            0 |            0 |            0 |            0 |            0 |            0 |            1 |            0 |            0 |            0 |            0 |            0 |            0 |            0 |             1 |
| -0.653381  |     1.26051   |            0 |            0 |            0 |            0 |            0 |            0 |            0 |            1 |            0 |            0 |            0 |            0 |            0 |            0 |            0 |            0 |            0 |            0 |            0 |            0 |             1 |
|  1.5061    |     0.290128  |            0 |            0 |            0 |            0 |            0 |            0 |            0 |            1 |            0 |            0 |            0 |            0 |            0 |            0 |            0 |            0 |            0 |            0 |            0 |            0 |             1 |
| -0.653381  |     1.1292    |            0 |            0 |            0 |            0 |            0 |            0 |            0 |            1 |            0 |            0 |            0 |            0 |            0 |            0 |            0 |            0 |            0 |            0 |            0 |            0 |             1 |
| -0.653381  |     0.980282  |            0 |            0 |            1 |            0 |            0 |            0 |            0 |            0 |            0 |            0 |            0 |            0 |            0 |            0 |            0 |            0 |            0 |            0 |            0 |            0 |             1 |
| -0.653381  |     0.977079  |            0 |            0 |            0 |            0 |            0 |            0 |            0 |            0 |            0 |            0 |            0 |            0 |            0 |            0 |            0 |            0 |            0 |            0 |            0 |            1 |             1 |
| -0.653381  |     0.488687  |            0 |            0 |            0 |            0 |            0 |            0 |            0 |            0 |            0 |            0 |            0 |            0 |            0 |            0 |            0 |            1 |            0 |            0 |            0 |            0 |             1 |
| -0.653381  |     2.44225   |            0 |            0 |            0 |            0 |            0 |            0 |            0 |            0 |            0 |            1 |            0 |            0 |            0 |            0 |            0 |            0 |            0 |            0 |            0 |            0 |             1 |
| -0.653381  |     1.27492   |            0 |            0 |            0 |            0 |            0 |            0 |            0 |            0 |            0 |            1 |            0 |            0 |            0 |            0 |            0 |            0 |            0 |            0 |            0 |            0 |             1 |
| -0.653381  |     3.15323   |            0 |            0 |            0 |            1 |            0 |            0 |            0 |            0 |            0 |            0 |            0 |            0 |            0 |            0 |            0 |            0 |            0 |            0 |            0 |            0 |             1 |
| -0.653381  |     1.30694   |            0 |            0 |            0 |            1 |            0 |            0 |            0 |            0 |            0 |            0 |            0 |            0 |            0 |            0 |            0 |            0 |            0 |            0 |            0 |            0 |             1 |