|   PreviousLap |   TireAge |   Driver_ALB |   Driver_ALO |   Driver_BOT |   Driver_DEV |   Driver_GAS |   Driver_HAM |   Driver_HUL |   Driver_LAT |   Driver_LEC |   Driver_MAG |   Driver_MSC |   Driver_NOR |   Driver_OCO |   Driver_PER |   Driver_PIA |   Driver_RIC |   Driver_RUS |   Driver_SAI |   Driver_SAR |   Driver_STR |   Driver_TSU |   Driver_VER |   Driver_ZHO |   Weather_Dry |
|--------------:|----------:|-------------:|-------------:|-------------:|-------------:|-------------:|-------------:|-------------:|-------------:|-------------:|-------------:|-------------:|-------------:|-------------:|-------------:|-------------:|-------------:|-------------:|-------------:|-------------:|-------------:|-------------:|-------------:|-------------:|--------------:|
|    -0.257615  |  1.86668  |            0 |            0 |            0 |            0 |            0 |            0 |            0 |            0 |            1 |            0 |            0 |            0 |            0 |            0 |            0 |            0 |            0 |            0 |            0 |            0 |            0 |            0 |            0 |             1 |
|    -0.270048  | -0.563167 |            0 |            0 |            0 |            0 |            0 |            0 |            0 |            0 |            1 |            0 |            0 |            0 |            0 |            0 |            0 |            0 |            0 |            0 |            0 |            0 |            0 |            0 |            0 |             1 |
|    -0.31589   | -0.563167 |            0 |            0 |            0 |            0 |            0 |            0 |            0 |            0 |            1 |            0 |            0 |            0 |            0 |            0 |            0 |            0 |            0 |            0 |            0 |            0 |            0 |            0 |            0 |             1 |
|    -0.337621  | -0.563167 |            0 |            0 |            0 |            0 |            0 |            0 |            0 |            0 |            1 |            0 |            0 |            0 |            0 |            0 |            0 |            0 |            0 |            0 |            0 |            0 |            0 |            0 |            0 |             1 |
|    -0.210259  |  0.246781 |            0 |            0 |            0 |            0 |            0 |            0 |            0 |            0 |            0 |            0 |            0 |            0 |            0 |            0 |            0 |            0 |            0 |            0 |            0 |            0 |            0 |            1 |            0 |             1 |
|     4.83761   |  1.05673  |            0 |            0 |            0 |            0 |            0 |            0 |            0 |            0 |            0 |            0 |            0 |            0 |            0 |            0 |            0 |            0 |            0 |            0 |            0 |            0 |            0 |            1 |            0 |             1 |
|    -0.223666  | -0.563167 |            0 |            0 |            0 |            0 |            0 |            0 |            0 |            0 |            0 |            0 |            0 |            0 |            0 |            0 |            0 |            0 |            0 |            0 |            0 |            0 |            0 |            1 |            0 |             1 |
|    -0.33481   | -0.563167 |            0 |            0 |            0 |            0 |            0 |            0 |            0 |            0 |            0 |            0 |            0 |            0 |            0 |            0 |            0 |            0 |            0 |            0 |            0 |            0 |            0 |            1 |            0 |             1 |
|    -0.336324  | -0.563167 |            0 |            0 |            0 |            0 |            0 |            0 |            0 |            0 |            0 |            0 |            0 |            0 |            0 |            0 |            0 |            0 |            0 |            0 |            0 |            0 |            0 |            1 |            0 |             1 |
|    -0.247235  |  1.86668  |            0 |            0 |            0 |            0 |            0 |            0 |            0 |            0 |            0 |            0 |            0 |            0 |            0 |            0 |            0 |            0 |            0 |            1 |            0 |            0 |            0 |            0 |            0 |             1 |
|    -0.227991  | -0.563167 |            0 |            0 |            0 |            0 |            0 |            0 |            0 |            0 |            0 |            0 |            0 |            0 |            0 |            0 |            0 |            0 |            0 |            1 |            0 |            0 |            0 |            0 |            0 |             1 |
|    -0.331567  | -0.563167 |            0 |            0 |            0 |            0 |            0 |            0 |            0 |            0 |            0 |            0 |            0 |            0 |            0 |            0 |            0 |            0 |            0 |            1 |            0 |            0 |            0 |            0 |            0 |             1 |
|    -0.342378  | -0.563167 |            0 |            0 |            0 |            0 |            0 |            0 |            0 |            0 |            0 |            0 |            0 |            0 |            0 |            0 |            0 |            0 |            0 |            1 |            0 |            0 |            0 |            0 |            0 |             1 |
|    -0.159012  |  1.86668  |            0 |            0 |            0 |            0 |            0 |            0 |            0 |            0 |            0 |            0 |            0 |            0 |            0 |            1 |            0 |            0 |            0 |            0 |            0 |            0 |            0 |            0 |            0 |             1 |
|    -0.166796  | -0.563167 |            0 |            0 |            0 |            0 |            0 |            0 |            0 |            0 |            0 |            0 |            0 |            0 |            0 |            1 |            0 |            0 |            0 |            0 |            0 |            0 |            0 |            0 |            0 |             1 |
|    -0.267778  | -0.563167 |            0 |            0 |            0 |            0 |            0 |            0 |            0 |            0 |            0 |            0 |            0 |            0 |            0 |            1 |            0 |            0 |            0 |            0 |            0 |            0 |            0 |            0 |            0 |             1 |
|    -0.307673  | -0.563167 |            0 |            0 |            0 |            0 |            0 |            0 |            0 |            0 |            0 |            0 |            0 |            0 |            0 |            1 |            0 |            0 |            0 |            0 |            0 |            0 |            0 |            0 |            0 |             1 |
|    -0.307132  | -0.563167 |            0 |            0 |            0 |            0 |            0 |            0 |            0 |            0 |            0 |            0 |            0 |            0 |            0 |            1 |            0 |            0 |            0 |            0 |            0 |            0 |            0 |            0 |            0 |             1 |
|    -0.169607  |  0.246781 |            0 |            0 |            0 |            0 |            0 |            1 |            0 |            0 |            0 |            0 |            0 |            0 |            0 |            0 |            0 |            0 |            0 |            0 |            0 |            0 |            0 |            0 |            0 |             1 |
|     5.0519    |  1.05673  |            0 |            0 |            0 |            0 |            0 |            1 |            0 |            0 |            0 |            0 |            0 |            0 |            0 |            0 |            0 |            0 |            0 |            0 |            0 |            0 |            0 |            0 |            0 |             1 |
|    -0.146795  | -0.563167 |            0 |            0 |            0 |            0 |            0 |            1 |            0 |            0 |            0 |            0 |            0 |            0 |            0 |            0 |            0 |            0 |            0 |            0 |            0 |            0 |            0 |            0 |            0 |             1 |
|    -0.254912  | -0.563167 |            0 |            0 |            0 |            0 |            0 |            1 |            0 |            0 |            0 |            0 |            0 |            0 |            0 |            0 |            0 |            0 |            0 |            0 |            0 |            0 |            0 |            0 |            0 |             1 |
|    -0.303348  |  1.86668  |            0 |            0 |            0 |            0 |            0 |            1 |            0 |            0 |            0 |            0 |            0 |            0 |            0 |            0 |            0 |            0 |            0 |            0 |            0 |            0 |            0 |            0 |            0 |             1 |
|    -0.183338  | -0.563167 |            0 |            0 |            0 |            0 |            0 |            1 |            0 |            0 |            0 |            0 |            0 |            0 |            0 |            0 |            0 |            0 |            0 |            0 |            0 |            0 |            0 |            0 |            0 |             1 |
|    -0.209178  |  1.86668  |            0 |            0 |            1 |            0 |            0 |            0 |            0 |            0 |            0 |            0 |            0 |            0 |            0 |            0 |            0 |            0 |            0 |            0 |            0 |            0 |            0 |            0 |            0 |             1 |
|    -0.150795  | -0.563167 |            0 |            0 |            1 |            0 |            0 |            0 |            0 |            0 |            0 |            0 |            0 |            0 |            0 |            0 |            0 |            0 |            0 |            0 |            0 |            0 |            0 |            0 |            0 |             1 |
|    -0.220206  | -0.563167 |            0 |            0 |            1 |            0 |            0 |            0 |            0 |            0 |            0 |            0 |            0 |            0 |            0 |            0 |            0 |            0 |            0 |            0 |            0 |            0 |            0 |            0 |            0 |             1 |
|    -0.231018  | -0.563167 |            0 |            0 |            1 |            0 |            0 |            0 |            0 |            0 |            0 |            0 |            0 |            0 |            0 |            0 |            0 |            0 |            0 |            0 |            0 |            0 |            0 |            0 |            0 |             1 |
|    -0.169499  | -0.563167 |            0 |            0 |            0 |            0 |            0 |            0 |            0 |            0 |            0 |            1 |            0 |            0 |            0 |            0 |            0 |            0 |            0 |            0 |            0 |            0 |            0 |            0 |            0 |             1 |
|    -0.205286  | -0.563167 |            0 |            0 |            0 |            0 |            0 |            0 |            0 |            0 |            0 |            1 |            0 |            0 |            0 |            0 |            0 |            0 |            0 |            0 |            0 |            0 |            0 |            0 |            0 |             1 |
|    -0.258696  | -0.563167 |            0 |            0 |            0 |            0 |            0 |            0 |            0 |            0 |            0 |            1 |            0 |            0 |            0 |            0 |            0 |            0 |            0 |            0 |            0 |            0 |            0 |            0 |            0 |             1 |
|    -0.163012  | -0.563167 |            0 |            1 |            0 |            0 |            0 |            0 |            0 |            0 |            0 |            0 |            0 |            0 |            0 |            0 |            0 |            0 |            0 |            0 |            0 |            0 |            0 |            0 |            0 |             1 |
|    -0.22172   | -0.563167 |            0 |            1 |            0 |            0 |            0 |            0 |            0 |            0 |            0 |            0 |            0 |            0 |            0 |            0 |            0 |            0 |            0 |            0 |            0 |            0 |            0 |            0 |            0 |             1 |
|    -0.241397  | -0.563167 |            0 |            1 |            0 |            0 |            0 |            0 |            0 |            0 |            0 |            0 |            0 |            0 |            0 |            0 |            0 |            0 |            0 |            0 |            0 |            0 |            0 |            0 |            0 |             1 |
|    -0.141389  |  0.246781 |            0 |            0 |            0 |            0 |            0 |            0 |            0 |            0 |            0 |            0 |            0 |            0 |            0 |            0 |            0 |            0 |            1 |            0 |            0 |            0 |            0 |            0 |            0 |             1 |
|     3.61654   |  1.05673  |            0 |            0 |            0 |            0 |            0 |            0 |            0 |            0 |            0 |            0 |            0 |            0 |            0 |            0 |            0 |            0 |            1 |            0 |            0 |            0 |            0 |            0 |            0 |             1 |
|    -0.171337  | -0.563167 |            0 |            0 |            0 |            0 |            0 |            0 |            0 |            0 |            0 |            0 |            0 |            0 |            0 |            0 |            0 |            0 |            1 |            0 |            0 |            0 |            0 |            0 |            0 |             1 |
|    -0.243019  | -0.563167 |            0 |            0 |            0 |            0 |            0 |            0 |            0 |            0 |            0 |            0 |            0 |            0 |            0 |            0 |            0 |            0 |            1 |            0 |            0 |            0 |            0 |            0 |            0 |             1 |
|    -0.281292  |  1.86668  |            0 |            0 |            0 |            0 |            0 |            0 |            0 |            0 |            0 |            0 |            0 |            0 |            0 |            0 |            0 |            0 |            1 |            0 |            0 |            0 |            0 |            0 |            0 |             1 |
|    -0.168959  | -0.563167 |            0 |            0 |            0 |            0 |            0 |            0 |            0 |            0 |            0 |            0 |            0 |            0 |            0 |            0 |            0 |            0 |            1 |            0 |            0 |            0 |            0 |            0 |            0 |             1 |
|    -0.0905741 | -0.563167 |            0 |            0 |            0 |            0 |            1 |            0 |            0 |            0 |            0 |            0 |            0 |            0 |            0 |            0 |            0 |            0 |            0 |            0 |            0 |            0 |            0 |            0 |            0 |             1 |
|    -0.166364  | -0.563167 |            0 |            0 |            0 |            0 |            1 |            0 |            0 |            0 |            0 |            0 |            0 |            0 |            0 |            0 |            0 |            0 |            0 |            0 |            0 |            0 |            0 |            0 |            0 |             1 |
|    -0.190042  |  1.86668  |            0 |            0 |            0 |            0 |            1 |            0 |            0 |            0 |            0 |            0 |            0 |            0 |            0 |            0 |            0 |            0 |            0 |            0 |            0 |            0 |            0 |            0 |            0 |             1 |
|    -0.107548  | -0.563167 |            0 |            0 |            0 |            0 |            1 |            0 |            0 |            0 |            0 |            0 |            0 |            0 |            0 |            0 |            0 |            0 |            0 |            0 |            0 |            0 |            0 |            0 |            0 |             1 |
|    -0.239883  |  1.86668  |            0 |            0 |            0 |            0 |            1 |            0 |            0 |            0 |            0 |            0 |            0 |            0 |            0 |            0 |            0 |            0 |            0 |            0 |            0 |            0 |            0 |            0 |            0 |             1 |
|    -0.0665721 | -0.563167 |            0 |            0 |            0 |            0 |            1 |            0 |            0 |            0 |            0 |            0 |            0 |            0 |            0 |            0 |            0 |            0 |            0 |            0 |            0 |            0 |            0 |            0 |            0 |             1 |
|    -0.128307  | -0.563167 |            0 |            0 |            0 |            0 |            0 |            0 |            0 |            0 |            0 |            0 |            0 |            0 |            1 |            0 |            0 |            0 |            0 |            0 |            0 |            0 |            0 |            0 |            0 |             1 |
|    -0.195988  | -0.563167 |            0 |            0 |            0 |            0 |            0 |            0 |            0 |            0 |            0 |            0 |            0 |            0 |            1 |            0 |            0 |            0 |            0 |            0 |            0 |            0 |            0 |            0 |            0 |             1 |
|    -0.22399   | -0.563167 |            0 |            0 |            0 |            0 |            0 |            0 |            0 |            0 |            0 |            0 |            0 |            0 |            1 |            0 |            0 |            0 |            0 |            0 |            0 |            0 |            0 |            0 |            0 |             1 |
|    -0.136416  | -0.563167 |            0 |            0 |            0 |            0 |            0 |            0 |            0 |            0 |            0 |            0 |            1 |            0 |            0 |            0 |            0 |            0 |            0 |            0 |            0 |            0 |            0 |            0 |            0 |             1 |
|    -0.159336  | -0.563167 |            0 |            0 |            0 |            0 |            0 |            0 |            0 |            0 |            0 |            0 |            1 |            0 |            0 |            0 |            0 |            0 |            0 |            0 |            0 |            0 |            0 |            0 |            0 |             1 |
|    -0.0800867 |  0.246781 |            0 |            0 |            0 |            0 |            0 |            0 |            0 |            0 |            0 |            0 |            0 |            1 |            0 |            0 |            0 |            0 |            0 |            0 |            0 |            0 |            0 |            0 |            0 |             1 |
|     5.52512   |  1.05673  |            0 |            0 |            0 |            0 |            0 |            0 |            0 |            0 |            0 |            0 |            0 |            1 |            0 |            0 |            0 |            0 |            0 |            0 |            0 |            0 |            0 |            0 |            0 |             1 |
|    -0.05349   | -0.563167 |            0 |            0 |            0 |            0 |            0 |            0 |            0 |            0 |            0 |            0 |            0 |            1 |            0 |            0 |            0 |            0 |            0 |            0 |            0 |            0 |            0 |            0 |            0 |             1 |
|    -0.174581  | -0.563167 |            0 |            0 |            0 |            0 |            0 |            0 |            0 |            0 |            0 |            0 |            0 |            1 |            0 |            0 |            0 |            0 |            0 |            0 |            0 |            0 |            0 |            0 |            0 |             1 |
|    -0.149282  | -0.563167 |            0 |            0 |            0 |            0 |            0 |            0 |            0 |            0 |            0 |            0 |            0 |            1 |            0 |            0 |            0 |            0 |            0 |            0 |            0 |            0 |            0 |            0 |            0 |             1 |
|    -0.0840871 | -0.563167 |            1 |            0 |            0 |            0 |            0 |            0 |            0 |            0 |            0 |            0 |            0 |            0 |            0 |            0 |            0 |            0 |            0 |            0 |            0 |            0 |            0 |            0 |            0 |             1 |
|    -0.121928  | -0.563167 |            1 |            0 |            0 |            0 |            0 |            0 |            0 |            0 |            0 |            0 |            0 |            0 |            0 |            0 |            0 |            0 |            0 |            0 |            0 |            0 |            0 |            0 |            0 |             1 |
|    -0.115441  | -0.563167 |            0 |            0 |            0 |            0 |            0 |            0 |            0 |            0 |            0 |            0 |            0 |            0 |            0 |            0 |            0 |            0 |            0 |            0 |            0 |            0 |            0 |            0 |            1 |             1 |
|    -0.147119  |  1.86668  |            0 |            0 |            0 |            0 |            0 |            0 |            0 |            0 |            0 |            0 |            0 |            0 |            0 |            0 |            0 |            0 |            0 |            0 |            0 |            0 |            0 |            0 |            1 |             1 |
|    -0.0335965 | -0.563167 |            0 |            0 |            0 |            0 |            0 |            0 |            0 |            0 |            0 |            0 |            0 |            0 |            0 |            0 |            0 |            0 |            0 |            0 |            0 |            0 |            0 |            0 |            1 |             1 |
|    -0.029488  | -0.563167 |            0 |            0 |            0 |            0 |            0 |            0 |            0 |            0 |            0 |            0 |            0 |            0 |            0 |            0 |            0 |            0 |            0 |            0 |            0 |            0 |            1 |            0 |            0 |             1 |
|    -0.0453812 | -0.563167 |            0 |            0 |            0 |            0 |            0 |            0 |            1 |            0 |            0 |            0 |            0 |            0 |            0 |            0 |            0 |            0 |            0 |            0 |            0 |            0 |            0 |            0 |            0 |             1 |
|    -0.0271095 |  0.246781 |            0 |            0 |            0 |            0 |            0 |            0 |            0 |            0 |            0 |            0 |            0 |            0 |            0 |            0 |            0 |            1 |            0 |            0 |            0 |            0 |            0 |            0 |            0 |             1 |
|     3.48939   |  1.05673  |            0 |            0 |            0 |            0 |            0 |            0 |            0 |            0 |            0 |            0 |            0 |            0 |            0 |            0 |            0 |            1 |            0 |            0 |            0 |            0 |            0 |            0 |            0 |             1 |
|    -0.0355426 | -0.563167 |            0 |            0 |            0 |            0 |            0 |            0 |            0 |            0 |            0 |            0 |            0 |            0 |            0 |            0 |            0 |            1 |            0 |            0 |            0 |            0 |            0 |            0 |            0 |             1 |
|    -0.0588958 | -0.563167 |            0 |            0 |            0 |            0 |            0 |            0 |            0 |            0 |            0 |            0 |            0 |            0 |            0 |            0 |            0 |            0 |            0 |            0 |            0 |            1 |            0 |            0 |            0 |             1 |
|    -0.0237578 | -0.563167 |            0 |            0 |            0 |            0 |            0 |            0 |            0 |            1 |            0 |            0 |            0 |            0 |            0 |            0 |            0 |            0 |            0 |            0 |            0 |            0 |            0 |            0 |            0 |             1 |
|    -0.276643  | -0.563167 |            0 |            0 |            0 |            0 |            0 |            0 |            0 |            0 |            0 |            0 |            0 |            0 |            0 |            0 |            0 |            0 |            0 |            0 |            0 |            0 |            0 |            1 |            0 |             1 |
|    -0.362272  | -0.563167 |            0 |            0 |            0 |            0 |            0 |            0 |            0 |            0 |            0 |            0 |            0 |            0 |            0 |            0 |            0 |            0 |            0 |            0 |            0 |            0 |            0 |            1 |            0 |             1 |
|    -0.427791  | -0.563167 |            0 |            0 |            0 |            0 |            0 |            0 |            0 |            0 |            0 |            0 |            0 |            0 |            0 |            0 |            0 |            0 |            0 |            0 |            0 |            0 |            0 |            1 |            0 |             1 |
|    -0.25675   | -0.563167 |            0 |            0 |            0 |            0 |            0 |            0 |            0 |            0 |            0 |            0 |            0 |            0 |            0 |            1 |            0 |            0 |            0 |            0 |            0 |            0 |            0 |            0 |            0 |             1 |
|    -0.335999  | -0.563167 |            0 |            0 |            0 |            0 |            0 |            0 |            0 |            0 |            0 |            0 |            0 |            0 |            0 |            1 |            0 |            0 |            0 |            0 |            0 |            0 |            0 |            0 |            0 |             1 |
|    -0.402491  | -0.563167 |            0 |            0 |            0 |            0 |            0 |            0 |            0 |            0 |            0 |            0 |            0 |            0 |            0 |            1 |            0 |            0 |            0 |            0 |            0 |            0 |            0 |            0 |            0 |             1 |
|     4.06522   | -0.563167 |            0 |            0 |            0 |            0 |            0 |            0 |            0 |            0 |            1 |            0 |            0 |            0 |            0 |            0 |            0 |            0 |            0 |            0 |            0 |            0 |            0 |            0 |            0 |             1 |
|    -0.298375  |  3.48657  |            0 |            0 |            0 |            0 |            0 |            0 |            0 |            0 |            1 |            0 |            0 |            0 |            0 |            0 |            0 |            0 |            0 |            0 |            0 |            0 |            0 |            0 |            0 |             1 |
|    -0.232964  | -0.563167 |            0 |            0 |            0 |            0 |            0 |            0 |            0 |            0 |            1 |            0 |            0 |            0 |            0 |            0 |            0 |            0 |            0 |            0 |            0 |            0 |            0 |            0 |            0 |             1 |
|    -0.386166  | -0.563167 |            0 |            0 |            0 |            0 |            0 |            0 |            0 |            0 |            1 |            0 |            0 |            0 |            0 |            0 |            0 |            0 |            0 |            0 |            0 |            0 |            0 |            0 |            0 |             1 |
|    -0.156309  | -0.563167 |            0 |            0 |            0 |            0 |            0 |            0 |            0 |            0 |            0 |            0 |            0 |            0 |            0 |            0 |            0 |            0 |            0 |            1 |            0 |            0 |            0 |            0 |            0 |             1 |
|    -0.309294  |  1.86668  |            0 |            0 |            0 |            0 |            0 |            0 |            0 |            0 |            0 |            0 |            0 |            0 |            0 |            0 |            0 |            0 |            0 |            1 |            0 |            0 |            0 |            0 |            0 |             1 |
|    -0.25848   | -0.563167 |            0 |            0 |            0 |            0 |            0 |            0 |            0 |            0 |            0 |            0 |            0 |            0 |            0 |            0 |            0 |            0 |            0 |            1 |            0 |            0 |            0 |            0 |            0 |             1 |
|    -0.360974  | -0.563167 |            0 |            0 |            0 |            0 |            0 |            0 |            0 |            0 |            0 |            0 |            0 |            0 |            0 |            0 |            0 |            0 |            0 |            1 |            0 |            0 |            0 |            0 |            0 |             1 |
|    -0.377624  | -0.563167 |            0 |            0 |            0 |            0 |            0 |            0 |            0 |            0 |            0 |            0 |            0 |            0 |            0 |            0 |            0 |            0 |            0 |            1 |            0 |            0 |            0 |            0 |            0 |             1 |
|    -0.291455  |  1.86668  |            0 |            1 |            0 |            0 |            0 |            0 |            0 |            0 |            0 |            0 |            0 |            0 |            0 |            0 |            0 |            0 |            0 |            0 |            0 |            0 |            0 |            0 |            0 |             1 |
|    -0.283887  | -0.563167 |            0 |            1 |            0 |            0 |            0 |            0 |            0 |            0 |            0 |            0 |            0 |            0 |            0 |            0 |            0 |            0 |            0 |            0 |            0 |            0 |            0 |            0 |            0 |             1 |
|    -0.298375  | -0.563167 |            0 |            1 |            0 |            0 |            0 |            0 |            0 |            0 |            0 |            0 |            0 |            0 |            0 |            0 |            0 |            0 |            0 |            0 |            0 |            0 |            0 |            0 |            0 |             1 |
|    -0.346919  | -0.563167 |            0 |            1 |            0 |            0 |            0 |            0 |            0 |            0 |            0 |            0 |            0 |            0 |            0 |            0 |            0 |            0 |            0 |            0 |            0 |            0 |            0 |            0 |            0 |             1 |
|    -0.302375  |  1.86668  |            0 |            0 |            0 |            0 |            0 |            0 |            0 |            0 |            0 |            0 |            0 |            0 |            0 |            0 |            0 |            0 |            1 |            0 |            0 |            0 |            0 |            0 |            0 |             1 |
|    -0.23091   | -0.563167 |            0 |            0 |            0 |            0 |            0 |            0 |            0 |            0 |            0 |            0 |            0 |            0 |            0 |            0 |            0 |            0 |            1 |            0 |            0 |            0 |            0 |            0 |            0 |             1 |
|    -0.29924   | -0.563167 |            0 |            0 |            0 |            0 |            0 |            0 |            0 |            0 |            0 |            0 |            0 |            0 |            0 |            0 |            0 |            0 |            1 |            0 |            0 |            0 |            0 |            0 |            0 |             1 |
|    -0.361839  | -0.563167 |            0 |            0 |            0 |            0 |            0 |            0 |            0 |            0 |            0 |            0 |            0 |            0 |            0 |            0 |            0 |            0 |            1 |            0 |            0 |            0 |            0 |            0 |            0 |             1 |
|    -0.24983   |  1.86668  |            0 |            0 |            0 |            0 |            0 |            1 |            0 |            0 |            0 |            0 |            0 |            0 |            0 |            0 |            0 |            0 |            0 |            0 |            0 |            0 |            0 |            0 |            0 |             1 |
|    -0.237829  | -0.563167 |            0 |            0 |            0 |            0 |            0 |            1 |            0 |            0 |            0 |            0 |            0 |            0 |            0 |            0 |            0 |            0 |            0 |            0 |            0 |            0 |            0 |            0 |            0 |             1 |
|    -0.319241  | -0.563167 |            0 |            0 |            0 |            0 |            0 |            1 |            0 |            0 |            0 |            0 |            0 |            0 |            0 |            0 |            0 |            0 |            0 |            0 |            0 |            0 |            0 |            0 |            0 |             1 |
|    -0.361191  | -0.563167 |            0 |            0 |            0 |            0 |            0 |            1 |            0 |            0 |            0 |            0 |            0 |            0 |            0 |            0 |            0 |            0 |            0 |            0 |            0 |            0 |            0 |            0 |            0 |             1 |
|    -0.24183   | -0.563167 |            0 |            0 |            0 |            0 |            0 |            0 |            0 |            0 |            0 |            0 |            0 |            0 |            0 |            0 |            0 |            0 |            0 |            0 |            0 |            1 |            0 |            0 |            0 |             1 |
|    -0.288644  |  1.86668  |            0 |            0 |            0 |            0 |            0 |            0 |            0 |            0 |            0 |            0 |            0 |            0 |            0 |            0 |            0 |            0 |            0 |            0 |            0 |            1 |            0 |            0 |            0 |             1 |
|    -0.167445  | -0.563167 |            0 |            0 |            0 |            0 |            0 |            0 |            0 |            0 |            0 |            0 |            0 |            0 |            0 |            0 |            0 |            0 |            0 |            0 |            0 |            1 |            0 |            0 |            0 |             1 |
|    -0.294807  |  1.86668  |            0 |            0 |            0 |            0 |            0 |            0 |            0 |            0 |            0 |            0 |            0 |            0 |            0 |            0 |            0 |            0 |            0 |            0 |            0 |            1 |            0 |            0 |            0 |             1 |
|    -0.208421  | -0.563167 |            0 |            0 |            0 |            0 |            0 |            0 |            0 |            0 |            0 |            0 |            0 |            0 |            0 |            0 |            0 |            0 |            0 |            0 |            0 |            1 |            0 |            0 |            0 |             1 |
|    -0.234153  | -0.563167 |            0 |            0 |            0 |            0 |            0 |            0 |            0 |            0 |            0 |            0 |            0 |            0 |            1 |            0 |            0 |            0 |            0 |            0 |            0 |            0 |            0 |            0 |            0 |             1 |
|    -0.253614  |  1.86668  |            0 |            0 |            0 |            0 |            0 |            0 |            0 |            0 |            0 |            0 |            0 |            0 |            1 |            0 |            0 |            0 |            0 |            0 |            0 |            0 |            0 |            0 |            0 |             1 |
|    -0.160742  | -0.563167 |            0 |            0 |            0 |            0 |            0 |            0 |            0 |            0 |            0 |            0 |            0 |            0 |            1 |            0 |            0 |            0 |            0 |            0 |            0 |            0 |            0 |            0 |            0 |             1 |
|    -0.317836  | -0.563167 |            0 |            0 |            0 |            0 |            0 |            0 |            0 |            0 |            0 |            0 |            0 |            0 |            1 |            0 |            0 |            0 |            0 |            0 |            0 |            0 |            0 |            0 |            0 |             1 |
|    -0.161499  | -0.563167 |            0 |            0 |            0 |            0 |            0 |            0 |            1 |            0 |            0 |            0 |            0 |            0 |            0 |            0 |            0 |            0 |            0 |            0 |            0 |            0 |            0 |            0 |            0 |             1 |
|    -0.286482  |  1.86668  |            0 |            0 |            0 |            0 |            0 |            0 |            1 |            0 |            0 |            0 |            0 |            0 |            0 |            0 |            0 |            0 |            0 |            0 |            0 |            0 |            0 |            0 |            0 |             1 |
|    -0.207773  | -0.563167 |            0 |            0 |            0 |            0 |            0 |            0 |            1 |            0 |            0 |            0 |            0 |            0 |            0 |            0 |            0 |            0 |            0 |            0 |            0 |            0 |            0 |            0 |            0 |             1 |
|    -0.329188  | -0.563167 |            0 |            0 |            0 |            0 |            0 |            0 |            1 |            0 |            0 |            0 |            0 |            0 |            0 |            0 |            0 |            0 |            0 |            0 |            0 |            0 |            0 |            0 |            0 |             1 |
|    -0.140416  | -0.563167 |            0 |            0 |            0 |            0 |            0 |            0 |            0 |            0 |            0 |            0 |            0 |            1 |            0 |            0 |            0 |            0 |            0 |            0 |            0 |            0 |            0 |            0 |            0 |             1 |
|    -0.238045  |  1.86668  |            0 |            0 |            0 |            0 |            0 |            0 |            0 |            0 |            0 |            0 |            0 |            1 |            0 |            0 |            0 |            0 |            0 |            0 |            0 |            0 |            0 |            0 |            0 |             1 |
|    -0.17977   | -0.563167 |            0 |            0 |            0 |            0 |            0 |            0 |            0 |            0 |            0 |            0 |            0 |            1 |            0 |            0 |            0 |            0 |            0 |            0 |            0 |            0 |            0 |            0 |            0 |             1 |
|    -0.20561   | -0.563167 |            0 |            0 |            1 |            0 |            0 |            0 |            0 |            0 |            0 |            0 |            0 |            0 |            0 |            0 |            0 |            0 |            0 |            0 |            0 |            0 |            0 |            0 |            0 |             1 |
|    -0.254047  |  1.86668  |            0 |            0 |            1 |            0 |            0 |            0 |            0 |            0 |            0 |            0 |            0 |            0 |            0 |            0 |            0 |            0 |            0 |            0 |            0 |            0 |            0 |            0 |            0 |             1 |
|    -0.182041  |  1.86668  |            0 |            0 |            1 |            0 |            0 |            0 |            0 |            0 |            0 |            0 |            0 |            0 |            0 |            0 |            0 |            0 |            0 |            0 |            0 |            0 |            0 |            0 |            0 |             1 |
|    -0.206151  | -0.563167 |            0 |            0 |            0 |            0 |            0 |            0 |            0 |            0 |            0 |            0 |            0 |            0 |            0 |            0 |            0 |            0 |            0 |            0 |            0 |            0 |            0 |            0 |            1 |             1 |
|    -0.242046  |  1.86668  |            0 |            0 |            0 |            0 |            0 |            0 |            0 |            0 |            0 |            0 |            0 |            0 |            0 |            0 |            0 |            0 |            0 |            0 |            0 |            0 |            0 |            0 |            1 |             1 |
|    -0.17523   | -0.563167 |            0 |            0 |            0 |            0 |            0 |            0 |            0 |            0 |            0 |            0 |            0 |            0 |            0 |            0 |            0 |            0 |            0 |            0 |            0 |            0 |            0 |            0 |            1 |             1 |
|    -0.186149  | -0.563167 |            0 |            0 |            0 |            0 |            0 |            0 |            0 |            0 |            0 |            0 |            0 |            0 |            0 |            0 |            0 |            0 |            0 |            0 |            0 |            0 |            1 |            0 |            0 |             1 |
|    -0.227774  | -0.563167 |            0 |            0 |            0 |            0 |            0 |            0 |            0 |            0 |            0 |            0 |            0 |            0 |            0 |            0 |            0 |            0 |            0 |            0 |            0 |            0 |            1 |            0 |            0 |             1 |
|    -0.265291  |  1.86668  |            0 |            0 |            0 |            0 |            0 |            0 |            0 |            0 |            0 |            0 |            0 |            0 |            0 |            0 |            0 |            0 |            0 |            0 |            0 |            0 |            1 |            0 |            0 |             1 |
|    -0.122577  |  1.86668  |            0 |            0 |            0 |            0 |            0 |            0 |            0 |            0 |            0 |            0 |            0 |            0 |            0 |            0 |            0 |            0 |            0 |            0 |            0 |            0 |            1 |            0 |            0 |             1 |
|    -0.190258  | -0.563167 |            1 |            0 |            0 |            0 |            0 |            0 |            0 |            0 |            0 |            0 |            0 |            0 |            0 |            0 |            0 |            0 |            0 |            0 |            0 |            0 |            0 |            0 |            0 |             1 |
|    -0.127658  | -0.563167 |            0 |            0 |            0 |            0 |            0 |            0 |            0 |            0 |            0 |            0 |            0 |            0 |            0 |            0 |            0 |            0 |            0 |            0 |            1 |            0 |            0 |            0 |            0 |             1 |
|    -0.192853  | -0.563167 |            0 |            0 |            0 |            0 |            0 |            0 |            0 |            0 |            0 |            1 |            0 |            0 |            0 |            0 |            0 |            0 |            0 |            0 |            0 |            0 |            0 |            0 |            0 |             1 |
|    -0.131983  | -0.563167 |            0 |            0 |            0 |            0 |            0 |            0 |            0 |            0 |            0 |            0 |            0 |            0 |            0 |            0 |            1 |            0 |            0 |            0 |            0 |            0 |            0 |            0 |            0 |             1 |
|    -0.10863   | -0.563167 |            0 |            0 |            0 |            1 |            0 |            0 |            0 |            0 |            0 |            0 |            0 |            0 |            0 |            0 |            0 |            0 |            0 |            0 |            0 |            0 |            0 |            0 |            0 |             1 |
|    -0.187339  | -0.563167 |            0 |            0 |            0 |            1 |            0 |            0 |            0 |            0 |            0 |            0 |            0 |            0 |            0 |            0 |            0 |            0 |            0 |            0 |            0 |            0 |            0 |            0 |            0 |             1 |
|    -0.180852  | -0.563167 |            0 |            0 |            0 |            0 |            1 |            0 |            0 |            0 |            0 |            0 |            0 |            0 |            0 |            0 |            0 |            0 |            0 |            0 |            0 |            0 |            0 |            0 |            0 |             1 |
|   PreviousLap |    TireAge |   Driver_ALB |   Driver_ALO |   Driver_BOT |   Driver_GAS |   Driver_HAM |   Driver_HUL |   Driver_LEC |   Driver_MAG |   Driver_NOR |   Driver_OCO |   Driver_PER |   Driver_PIA |   Driver_RIC |   Driver_RUS |   Driver_SAI |   Driver_SAR |   Driver_STR |   Driver_TSU |   Driver_VER |   Driver_ZHO |   Weather_Dry |
|--------------:|-----------:|-------------:|-------------:|-------------:|-------------:|-------------:|-------------:|-------------:|-------------:|-------------:|-------------:|-------------:|-------------:|-------------:|-------------:|-------------:|-------------:|-------------:|-------------:|-------------:|-------------:|--------------:|
|    -0.694662  |  1.5061    |            0 |            0 |            0 |            0 |            0 |            0 |            0 |            0 |            0 |            0 |            0 |            0 |            0 |            0 |            0 |            0 |            0 |            0 |            1 |            0 |             1 |
|    -0.488096  | -0.653381  |            0 |            0 |            0 |            0 |            0 |            0 |            0 |            0 |            0 |            0 |            0 |            0 |            0 |            0 |            0 |            0 |            0 |            0 |            1 |            0 |             1 |
|    -1.74671   | -0.653381  |            0 |            0 |            0 |            0 |            0 |            0 |            0 |            0 |            0 |            0 |            0 |            0 |            0 |            0 |            0 |            0 |            0 |            0 |            1 |            0 |             1 |
|    -1.67145   | -0.653381  |            0 |            0 |            0 |            0 |            0 |            0 |            0 |            0 |            0 |            0 |            0 |            0 |            0 |            0 |            0 |            0 |            0 |            0 |            1 |            0 |             1 |
|     1.27332   | -0.653381  |            0 |            0 |            0 |            0 |            0 |            0 |            1 |            0 |            0 |            0 |            0 |            0 |            0 |            0 |            0 |            0 |            0 |            0 |            0 |            0 |             1 |
|    -0.35519   |  1.5061    |            0 |            0 |            0 |            0 |            0 |            0 |            1 |            0 |            0 |            0 |            0 |            0 |            0 |            0 |            0 |            0 |            0 |            0 |            0 |            0 |             1 |
|    -0.593781  | -0.653381  |            0 |            0 |            0 |            0 |            0 |            0 |            1 |            0 |            0 |            0 |            0 |            0 |            0 |            0 |            0 |            0 |            0 |            0 |            0 |            0 |             1 |
|    -2.08137   |  0.0664455 |            0 |            0 |            0 |            0 |            0 |            0 |            1 |            0 |            0 |            0 |            0 |            0 |            0 |            0 |            0 |            0 |            0 |            0 |            0 |            0 |             1 |
|    -1.57697   | -0.653381  |            0 |            0 |            0 |            0 |            0 |            0 |            1 |            0 |            0 |            0 |            0 |            0 |            0 |            0 |            0 |            0 |            0 |            0 |            0 |            0 |             1 |
|    -0.183852  |  2.94575   |            0 |            0 |            0 |            0 |            0 |            0 |            0 |            0 |            0 |            0 |            0 |            0 |            0 |            1 |            0 |            0 |            0 |            0 |            0 |            0 |             1 |
|     0.373395  | -0.653381  |            0 |            0 |            0 |            0 |            0 |            0 |            0 |            0 |            0 |            0 |            0 |            0 |            0 |            1 |            0 |            0 |            0 |            0 |            0 |            0 |             1 |
|    -0.869202  | -0.653381  |            0 |            0 |            0 |            0 |            0 |            0 |            0 |            0 |            0 |            0 |            0 |            0 |            0 |            1 |            0 |            0 |            0 |            0 |            0 |            0 |             1 |
|    -1.38001   | -0.653381  |            0 |            0 |            0 |            0 |            0 |            0 |            0 |            0 |            0 |            0 |            0 |            0 |            0 |            1 |            0 |            0 |            0 |            0 |            0 |            0 |             1 |
|     1.19005   | -0.653381  |            0 |            0 |            0 |            0 |            0 |            0 |            0 |            0 |            0 |            0 |            0 |            0 |            0 |            0 |            1 |            0 |            0 |            0 |            0 |            0 |             1 |
|    -0.890019  |  1.5061    |            0 |            0 |            0 |            0 |            0 |            0 |            0 |            0 |            0 |            0 |            0 |            0 |            0 |            0 |            1 |            0 |            0 |            0 |            0 |            0 |             1 |
|    -0.0637558 | -0.653381  |            0 |            0 |            0 |            0 |            0 |            0 |            0 |            0 |            0 |            0 |            0 |            0 |            0 |            0 |            1 |            0 |            0 |            0 |            0 |            0 |             1 |
|    -1.42805   | -0.653381  |            0 |            0 |            0 |            0 |            0 |            0 |            0 |            0 |            0 |            0 |            0 |            0 |            0 |            0 |            1 |            0 |            0 |            0 |            0 |            0 |             1 |
|    -1.37201   | -0.653381  |            0 |            0 |            0 |            0 |            0 |            0 |            0 |            0 |            0 |            0 |            0 |            0 |            0 |            0 |            1 |            0 |            0 |            0 |            0 |            0 |             1 |
|    -0.390418  |  1.5061    |            0 |            0 |            0 |            0 |            0 |            0 |            0 |            0 |            0 |            0 |            1 |            0 |            0 |            0 |            0 |            0 |            0 |            0 |            0 |            0 |             1 |
|     0.0563406 | -0.653381  |            0 |            0 |            0 |            0 |            0 |            0 |            0 |            0 |            0 |            0 |            1 |            0 |            0 |            0 |            0 |            0 |            0 |            0 |            0 |            0 |             1 |
|    -0.853189  |  0.786272  |            0 |            0 |            0 |            0 |            0 |            0 |            0 |            0 |            0 |            0 |            1 |            0 |            0 |            0 |            0 |            0 |            0 |            0 |            0 |            0 |             1 |
|    -0.696263  | -0.653381  |            0 |            0 |            0 |            0 |            0 |            0 |            0 |            0 |            0 |            0 |            1 |            0 |            0 |            0 |            0 |            0 |            0 |            0 |            0 |            0 |             1 |
|    -0.457672  | -0.653381  |            0 |            1 |            0 |            0 |            0 |            0 |            0 |            0 |            0 |            0 |            0 |            0 |            0 |            0 |            0 |            0 |            0 |            0 |            0 |            0 |             1 |
|    -0.526527  | -0.653381  |            0 |            1 |            0 |            0 |            0 |            0 |            0 |            0 |            0 |            0 |            0 |            0 |            0 |            0 |            0 |            0 |            0 |            0 |            0 |            0 |             1 |
|    -1.06296   | -0.653381  |            0 |            1 |            0 |            0 |            0 |            0 |            0 |            0 |            0 |            0 |            0 |            0 |            0 |            0 |            0 |            0 |            0 |            0 |            0 |            0 |             1 |
|    -0.515318  |  0.0664455 |            0 |            0 |            0 |            0 |            0 |            0 |            0 |            0 |            1 |            0 |            0 |            0 |            0 |            0 |            0 |            0 |            0 |            0 |            0 |            0 |             1 |
|    -0.838778  |  0.786272  |            0 |            0 |            0 |            0 |            0 |            0 |            0 |            0 |            1 |            0 |            0 |            0 |            0 |            0 |            0 |            0 |            0 |            0 |            0 |            0 |             1 |
|    -1.25831   | -0.653381  |            0 |            0 |            0 |            0 |            0 |            0 |            0 |            0 |            1 |            0 |            0 |            0 |            0 |            0 |            0 |            0 |            0 |            0 |            0 |            0 |             1 |
|     0.363787  | -0.653381  |            0 |            0 |            0 |            0 |            0 |            0 |            0 |            0 |            0 |            0 |            0 |            1 |            0 |            0 |            0 |            0 |            0 |            0 |            0 |            0 |             1 |
|     0.10598   |  1.5061    |            0 |            0 |            0 |            0 |            0 |            0 |            0 |            0 |            0 |            0 |            0 |            1 |            0 |            0 |            0 |            0 |            0 |            0 |            0 |            0 |             1 |
|     0.2549    | -0.653381  |            0 |            0 |            0 |            0 |            0 |            0 |            0 |            0 |            0 |            0 |            0 |            1 |            0 |            0 |            0 |            0 |            0 |            0 |            0 |            0 |             1 |
|    -0.548945  |  1.5061    |            0 |            0 |            0 |            0 |            0 |            0 |            0 |            0 |            0 |            0 |            0 |            1 |            0 |            0 |            0 |            0 |            0 |            0 |            0 |            0 |             1 |
|     0.298135  | -0.653381  |            0 |            0 |            0 |            0 |            0 |            0 |            0 |            0 |            0 |            0 |            0 |            1 |            0 |            0 |            0 |            0 |            0 |            0 |            0 |            0 |             1 |
|     0.546334  | -0.653381  |            0 |            0 |            0 |            0 |            1 |            0 |            0 |            0 |            0 |            0 |            0 |            0 |            0 |            0 |            0 |            0 |            0 |            0 |            0 |            0 |             1 |
|    -0.0221224 |  1.5061    |            0 |            0 |            0 |            0 |            1 |            0 |            0 |            0 |            0 |            0 |            0 |            0 |            0 |            0 |            0 |            0 |            0 |            0 |            0 |            0 |             1 |
|    -0.163035  | -0.653381  |            0 |            0 |            0 |            0 |            1 |            0 |            0 |            0 |            0 |            0 |            0 |            0 |            0 |            0 |            0 |            0 |            0 |            0 |            0 |            0 |             1 |
|    -1.19586   |  1.5061    |            0 |            0 |            0 |            0 |            1 |            0 |            0 |            0 |            0 |            0 |            0 |            0 |            0 |            0 |            0 |            0 |            0 |            0 |            0 |            0 |             1 |
|    -0.0317301 | -0.653381  |            0 |            0 |            0 |            0 |            1 |            0 |            0 |            0 |            0 |            0 |            0 |            0 |            0 |            0 |            0 |            0 |            0 |            0 |            0 |            0 |             1 |
|     0.253299  | -0.653381  |            0 |            0 |            0 |            0 |            0 |            1 |            0 |            0 |            0 |            0 |            0 |            0 |            0 |            0 |            0 |            0 |            0 |            0 |            0 |            0 |             1 |
|     0.162025  |  1.5061    |            0 |            0 |            0 |            0 |            0 |            1 |            0 |            0 |            0 |            0 |            0 |            0 |            0 |            0 |            0 |            0 |            0 |            0 |            0 |            0 |             1 |
|     0.852179  | -0.653381  |            0 |            0 |            0 |            0 |            0 |            1 |            0 |            0 |            0 |            0 |            0 |            0 |            0 |            0 |            0 |            0 |            0 |            0 |            0 |            0 |             1 |
|    -0.982893  |  1.5061    |            0 |            0 |            0 |            0 |            0 |            1 |            0 |            0 |            0 |            0 |            0 |            0 |            0 |            0 |            0 |            0 |            0 |            0 |            0 |            0 |             1 |
|     0.0595432 |  1.5061    |            0 |            0 |            0 |            0 |            0 |            1 |            0 |            0 |            0 |            0 |            0 |            0 |            0 |            0 |            0 |            0 |            0 |            0 |            0 |            0 |             1 |
|     0.66643   | -0.653381  |            0 |            0 |            0 |            0 |            0 |            0 |            0 |            0 |            0 |            0 |            0 |            0 |            0 |            0 |            0 |            0 |            0 |            1 |            0 |            0 |             1 |
|     0.0259162 |  1.5061    |            0 |            0 |            0 |            0 |            0 |            0 |            0 |            0 |            0 |            0 |            0 |            0 |            0 |            0 |            0 |            0 |            0 |            1 |            0 |            0 |             1 |
|     1.02031   | -0.653381  |            0 |            0 |            0 |            0 |            0 |            0 |            0 |            0 |            0 |            0 |            0 |            0 |            0 |            0 |            0 |            0 |            0 |            1 |            0 |            0 |             1 |
|     0.639208  | -0.653381  |            0 |            0 |            0 |            0 |            0 |            0 |            0 |            0 |            0 |            0 |            0 |            0 |            0 |            0 |            0 |            0 |            1 |            0 |            0 |            0 |             1 |
|    -0.800347  |  1.5061    |            0 |            0 |            0 |            0 |            0 |            0 |            0 |            0 |            0 |            0 |            0 |            0 |            0 |            0 |            0 |            0 |            1 |            0 |            0 |            0 |             1 |
|     0.82816   | -0.653381  |            0 |            0 |            0 |            0 |            0 |            0 |            0 |            0 |            0 |            0 |            0 |            0 |            0 |            0 |            0 |            0 |            1 |            0 |            0 |            0 |             1 |
|     0.363787  | -0.653381  |            1 |            0 |            0 |            0 |            0 |            0 |            0 |            0 |            0 |            0 |            0 |            0 |            0 |            0 |            0 |            0 |            0 |            0 |            0 |            0 |             1 |
|    -0.108592  |  1.5061    |            1 |            0 |            0 |            0 |            0 |            0 |            0 |            0 |            0 |            0 |            0 |            0 |            0 |            0 |            0 |            0 |            0 |            0 |            0 |            0 |             1 |
|     1.10038   | -0.653381  |            1 |            0 |            0 |            0 |            0 |            0 |            0 |            0 |            0 |            0 |            0 |            0 |            0 |            0 |            0 |            0 |            0 |            0 |            0 |            0 |             1 |
|     0.897015  | -0.653381  |            0 |            0 |            0 |            0 |            0 |            0 |            0 |            0 |            0 |            0 |            0 |            0 |            1 |            0 |            0 |            0 |            0 |            0 |            0 |            0 |             1 |
|     0.15562   |  1.5061    |            0 |            0 |            0 |            0 |            0 |            0 |            0 |            0 |            0 |            0 |            0 |            0 |            1 |            0 |            0 |            0 |            0 |            0 |            0 |            0 |             1 |
|     1.05874   | -0.653381  |            0 |            0 |            0 |            0 |            0 |            0 |            0 |            0 |            0 |            0 |            0 |            0 |            1 |            0 |            0 |            0 |            0 |            0 |            0 |            0 |             1 |
|     1.26051   | -0.653381  |            0 |            0 |            0 |            0 |            0 |            0 |            0 |            1 |            0 |            0 |            0 |            0 |            0 |            0 |            0 |            0 |            0 |            0 |            0 |            0 |             1 |
|     0.290128  |  1.5061    |            0 |            0 |            0 |            0 |            0 |            0 |            0 |            1 |            0 |            0 |            0 |            0 |            0 |            0 |            0 |            0 |            0 |            0 |            0 |            0 |             1 |
|     1.1292    | -0.653381  |            0 |            0 |            0 |            0 |            0 |            0 |            0 |            1 |            0 |            0 |            0 |            0 |            0 |            0 |            0 |            0 |            0 |            0 |            0 |            0 |             1 |
|     0.980282  | -0.653381  |            0 |            0 |            1 |            0 |            0 |            0 |            0 |            0 |            0 |            0 |            0 |            0 |            0 |            0 |            0 |            0 |            0 |            0 |            0 |            0 |             1 |
|     0.977079  | -0.653381  |            0 |            0 |            0 |            0 |            0 |            0 |            0 |            0 |            0 |            0 |            0 |            0 |            0 |            0 |            0 |            0 |            0 |            0 |            0 |            1 |             1 |
|     0.488687  | -0.653381  |            0 |            0 |            0 |            0 |            0 |            0 |            0 |            0 |            0 |            0 |            0 |            0 |            0 |            0 |            0 |            1 |            0 |            0 |            0 |            0 |             1 |
|     2.44225   | -0.653381  |            0 |            0 |            0 |            0 |            0 |            0 |            0 |            0 |            0 |            1 |            0 |            0 |            0 |            0 |            0 |            0 |            0 |            0 |            0 |            0 |             1 |
|     1.27492   | -0.653381  |            0 |            0 |            0 |            0 |            0 |            0 |            0 |            0 |            0 |            1 |            0 |            0 |            0 |            0 |            0 |            0 |            0 |            0 |            0 |            0 |             1 |
|     3.15323   | -0.653381  |            0 |            0 |            0 |            1 |            0 |            0 |            0 |            0 |            0 |            0 |            0 |            0 |            0 |            0 |            0 |            0 |            0 |            0 |            0 |            0 |             1 |
|     1.30694   | -0.653381  |            0 |            0 |            0 |            1 |            0 |            0 |            0 |            0 |            0 |            0 |            0 |            0 |            0 |            0 |            0 |            0 |            0 |            0 |            0 |            0 |             1 |